Cites,Authors,Title,Year,Source,Publisher,ArticleURL,CitesURL,GSRank,QueryDate,Type,DOI,ISSN,CitationURL,Volume,Issue,StartPage,EndPage,ECC,CitesPerYear,CitesPerAuthor,AuthorCount,Age,Abstract,FullTextURL,RelatedURL
1082,"E. Tola","DAISY: An efficient dense descriptor applied to wide-baseline stereo",2010,"IEEE Transactions on Pattern Analysis and Machine Intelligence","","","https://www.scopus.com/inward/citedby.uri?partnerID=HzOxMe3b&scp=77949875753&origin=inward",1,"2022-07-12 16:31:21","Article","10.1109/TPAMI.2009.77","0162-8828","https://api.elsevier.com/content/abstract/scopus_id/77949875753",32,5,815,830,1082,90.17,1082,1,12,"","",""
1005,"T. Heimann","Statistical shape models for 3D medical image segmentation: A review",2009,"Medical Image Analysis","","https://api.elsevier.com/content/article/eid/1-s2.0-S1361841509000425","https://www.scopus.com/inward/citedby.uri?partnerID=HzOxMe3b&scp=70349090032&origin=inward",2,"2022-07-12 16:31:21","Article","10.1016/j.media.2009.05.004","1361-8415","https://api.elsevier.com/content/abstract/scopus_id/70349090032",13,4,543,563,1005,77.31,1005,1,13,"","",""
975,"J. Liu","Tensor completion for estimating missing values in visual data",2013,"IEEE Transactions on Pattern Analysis and Machine Intelligence","","","https://www.scopus.com/inward/citedby.uri?partnerID=HzOxMe3b&scp=84870175618&origin=inward",3,"2022-07-12 16:31:21","Article","10.1109/TPAMI.2012.39","0162-8828","https://api.elsevier.com/content/abstract/scopus_id/84870175618",35,1,208,220,975,108.33,975,1,9,"","",""
807,"M. Montemerlo","FastSLAM 2.0: An improved particle filtering algorithm for simultaneous localization and mapping that provably converges",2003,"IJCAI International Joint Conference on Artificial Intelligence","","","https://www.scopus.com/inward/citedby.uri?partnerID=HzOxMe3b&scp=84880834761&origin=inward",4,"2022-07-12 16:31:21","Conference Paper","","1045-0823","https://api.elsevier.com/content/abstract/scopus_id/84880834761",,,1151,1156,807,42.47,807,1,19,"","",""
767,"G. Carneiro","Supervised learning of semantic classes for image annotation and retrieval",2007,"IEEE Transactions on Pattern Analysis and Machine Intelligence","","","https://www.scopus.com/inward/citedby.uri?partnerID=HzOxMe3b&scp=33847419773&origin=inward",5,"2022-07-12 16:31:21","Article","10.1109/TPAMI.2007.61","0162-8828","https://api.elsevier.com/content/abstract/scopus_id/33847419773",29,3,394,410,767,51.13,767,1,15,"","",""
678,"R.H.R. Pruim","ICA-AROMA: A robust ICA-based strategy for removing motion artifacts from fMRI data",2015,"NeuroImage","","https://api.elsevier.com/content/article/eid/1-s2.0-S1053811915001822","https://www.scopus.com/inward/citedby.uri?partnerID=HzOxMe3b&scp=84933042676&origin=inward",6,"2022-07-12 16:31:21","Article","10.1016/j.neuroimage.2015.02.064","1053-8119","https://api.elsevier.com/content/abstract/scopus_id/84933042676",112,,267,277,678,96.86,678,1,7,"","",""
678,"L. Maddalena","A self-organizing approach to background subtraction for visual surveillance applications",2008,"IEEE Transactions on Image Processing","","","https://www.scopus.com/inward/citedby.uri?partnerID=HzOxMe3b&scp=45949086871&origin=inward",7,"2022-07-12 16:31:21","Article","10.1109/TIP.2008.924285","1057-7149","https://api.elsevier.com/content/abstract/scopus_id/45949086871",17,7,1168,1177,678,48.43,678,1,14,"","",""
659,"S.M. McKinney","International evaluation of an AI system for breast cancer screening",2020,"Nature","","","https://www.scopus.com/inward/citedby.uri?partnerID=HzOxMe3b&scp=85077323295&origin=inward",8,"2022-07-12 16:31:21","Article","10.1038/s41586-019-1799-6","0028-0836","https://api.elsevier.com/content/abstract/scopus_id/85077323295",577,7788,89,94,659,329.50,659,1,2,"","",""
659,"Y. Miche","OP-ELM: Optimally pruned extreme learning machine",2010,"IEEE Transactions on Neural Networks","","","https://www.scopus.com/inward/citedby.uri?partnerID=HzOxMe3b&scp=73949154686&origin=inward",9,"2022-07-12 16:31:21","Article","10.1109/TNN.2009.2036259","1045-9227","https://api.elsevier.com/content/abstract/scopus_id/73949154686",21,1,158,162,659,54.92,659,1,12,"","",""
587,"M. Oskoei","Support vector machine-based classification scheme for myoelectric control applied to upper limb",2008,"IEEE Transactions on Biomedical Engineering","","","https://www.scopus.com/inward/citedby.uri?partnerID=HzOxMe3b&scp=47649094596&origin=inward",10,"2022-07-12 16:31:21","Article","10.1109/TBME.2008.919734","0018-9294","https://api.elsevier.com/content/abstract/scopus_id/47649094596",55,8,1956,1965,587,41.93,587,1,14,"","",""
580,"R. Gargeya","Automated Identification of Diabetic Retinopathy Using Deep Learning",2017,"Ophthalmology","","https://api.elsevier.com/content/article/eid/1-s2.0-S0161642016317742","https://www.scopus.com/inward/citedby.uri?partnerID=HzOxMe3b&scp=85016221341&origin=inward",11,"2022-07-12 16:31:21","Article","10.1016/j.ophtha.2017.02.008","0161-6420","https://api.elsevier.com/content/abstract/scopus_id/85016221341",124,7,962,969,580,116.00,580,1,5,"","",""
570,"Y. Peng","RASL: Robust alignment by sparse and low-rank decomposition for linearly correlated images",2012,"IEEE Transactions on Pattern Analysis and Machine Intelligence","","","https://www.scopus.com/inward/citedby.uri?partnerID=HzOxMe3b&scp=84866665730&origin=inward",12,"2022-07-12 16:31:21","Article","10.1109/TPAMI.2011.282","0162-8828","https://api.elsevier.com/content/abstract/scopus_id/84866665730",34,11,2233,2246,570,57.00,570,1,10,"","",""
524,"G. Guo","Image-based human age estimation by manifold learning and locally adjusted robust regression",2008,"IEEE Transactions on Image Processing","","","https://www.scopus.com/inward/citedby.uri?partnerID=HzOxMe3b&scp=45949109037&origin=inward",13,"2022-07-12 16:31:21","Article","10.1109/TIP.2008.924280","1057-7149","https://api.elsevier.com/content/abstract/scopus_id/45949109037",17,7,1178,1188,524,37.43,524,1,14,"","",""
501,"Y. Huang","A Gaussian mixture model based classification scheme for myoelectric control of powered upper limb prostheses",2005,"IEEE Transactions on Biomedical Engineering","","","https://www.scopus.com/inward/citedby.uri?partnerID=HzOxMe3b&scp=27644466209&origin=inward",14,"2022-07-12 16:31:21","Article","10.1109/TBME.2005.856295","0018-9294","https://api.elsevier.com/content/abstract/scopus_id/27644466209",52,11,1801,1811,501,29.47,501,1,17,"","",""
456,"D.Q. Zhang","A novel kernelized fuzzy C-means algorithm with application in medical image segmentation",2004,"Artificial Intelligence in Medicine","","https://api.elsevier.com/content/article/eid/1-s2.0-S0933365704000351","https://www.scopus.com/inward/citedby.uri?partnerID=HzOxMe3b&scp=4444347719&origin=inward",15,"2022-07-12 16:31:21","Article","10.1016/j.artmed.2004.01.012","0933-3657","https://api.elsevier.com/content/abstract/scopus_id/4444347719",32,1,37,50,456,25.33,456,1,18,"","",""
451,"E. Byvatov","Comparison of Support Vector Machine and Artificial Neural Network Systems for Drug/Nondrug Classification",2003,"Journal of Chemical Information and Computer Sciences","","","https://www.scopus.com/inward/citedby.uri?partnerID=HzOxMe3b&scp=0345548661&origin=inward",16,"2022-07-12 16:31:21","Article","10.1021/ci0341161","0095-2338","https://api.elsevier.com/content/abstract/scopus_id/0345548661",43,6,1882,1889,451,23.74,451,1,19,"","",""
446,"S. Lafon","Diffusion maps and coarse-graining: A unified framework for dimensionality reduction, graph partitioning, and data set parameterization",2006,"IEEE Transactions on Pattern Analysis and Machine Intelligence","","","https://www.scopus.com/inward/citedby.uri?partnerID=HzOxMe3b&scp=33746476985&origin=inward",17,"2022-07-12 16:31:21","Article","10.1109/TPAMI.2006.184","0162-8828","https://api.elsevier.com/content/abstract/scopus_id/33746476985",28,9,1393,1403,446,27.88,446,1,16,"","",""
419,"A.S. Mian","An efficient multimodal 2D-3D hybrid approach to automatic face recognition",2007,"IEEE Transactions on Pattern Analysis and Machine Intelligence","","","https://www.scopus.com/inward/citedby.uri?partnerID=HzOxMe3b&scp=34548790146&origin=inward",18,"2022-07-12 16:31:21","Article","10.1109/TPAMI.2007.1105","0162-8828","https://api.elsevier.com/content/abstract/scopus_id/34548790146",29,11,1927,1943,419,27.93,419,1,15,"","",""
354,"M.E.H. Chowdhury","Can AI Help in Screening Viral and COVID-19 Pneumonia?",2020,"IEEE Access","","","https://www.scopus.com/inward/citedby.uri?partnerID=HzOxMe3b&scp=85089309357&origin=inward",19,"2022-07-12 16:31:21","Article","10.1109/ACCESS.2020.3010287","2169-3536","https://api.elsevier.com/content/abstract/scopus_id/85089309357",8,,132665,132676,354,177.00,354,1,2,"","",""
350,"C.J. Kelly","Key challenges for delivering clinical impact with artificial intelligence",2019,"BMC Medicine","","","https://www.scopus.com/inward/citedby.uri?partnerID=HzOxMe3b&scp=85074427658&origin=inward",20,"2022-07-12 16:31:21","Review","10.1186/s12916-019-1426-2","1741-7015","https://api.elsevier.com/content/abstract/scopus_id/85074427658",17,1,,,350,116.67,350,1,3,"","",""
344,"D. Sage","Automatic tracking of individual fluorescence particles: Application to the study of chromosome dynamics",2005,"IEEE Transactions on Image Processing","","","https://www.scopus.com/inward/citedby.uri?partnerID=HzOxMe3b&scp=26444477373&origin=inward",21,"2022-07-12 16:31:21","Article","10.1109/TIP.2005.852787","1057-7149","https://api.elsevier.com/content/abstract/scopus_id/26444477373",14,9,1372,1383,344,20.24,344,1,17,"","",""
313,"J. Burez","Handling class imbalance in customer churn prediction",2009,"Expert Systems with Applications","","https://api.elsevier.com/content/article/eid/1-s2.0-S0957417408002121","https://www.scopus.com/inward/citedby.uri?partnerID=HzOxMe3b&scp=58349098976&origin=inward",22,"2022-07-12 16:31:21","Article","10.1016/j.eswa.2008.05.027","0957-4174","https://api.elsevier.com/content/abstract/scopus_id/58349098976",36,3,4626,4636,313,24.08,313,1,13,"","",""
310,"P.R. Wurman","Michigan Internet AuctionBot: A configurable auction server for human and software agents",1998,"Proceedings of the International Conference on Autonomous Agents","","","https://www.scopus.com/inward/citedby.uri?partnerID=HzOxMe3b&scp=0031703223&origin=inward",23,"2022-07-12 16:31:21","Conference Paper","","","https://api.elsevier.com/content/abstract/scopus_id/0031703223",,,301,308,310,12.92,310,1,24,"","",""
309,"M.B. Cuadra","Comparison and validation of tissue modelization and statistical classification methods in T1-weighted MR brain images",2005,"IEEE Transactions on Medical Imaging","","","https://www.scopus.com/inward/citedby.uri?partnerID=HzOxMe3b&scp=29144517748&origin=inward",24,"2022-07-12 16:31:21","Article","10.1109/TMI.2005.857652","0278-0062","https://api.elsevier.com/content/abstract/scopus_id/29144517748",24,12,1548,1565,309,18.18,309,1,17,"","",""
303,"M. Lhuillier","A quasi-dense approach to surface reconstruction from uncalibrated images",2005,"IEEE Transactions on Pattern Analysis and Machine Intelligence","","","https://www.scopus.com/inward/citedby.uri?partnerID=HzOxMe3b&scp=15044345802&origin=inward",25,"2022-07-12 16:31:21","Article","10.1109/TPAMI.2005.44","0162-8828","https://api.elsevier.com/content/abstract/scopus_id/15044345802",27,3,418,433,303,17.82,303,1,17,"","",""
300,"H. Ling","An efficient earth mover's distance algorithm for robust histogram comparison",2007,"IEEE Transactions on Pattern Analysis and Machine Intelligence","","","https://www.scopus.com/inward/citedby.uri?partnerID=HzOxMe3b&scp=34047206555&origin=inward",26,"2022-07-12 16:31:21","Article","10.1109/TPAMI.2007.1058","0162-8828","https://api.elsevier.com/content/abstract/scopus_id/34047206555",29,5,840,853,300,20.00,300,1,15,"","",""
291,"D. Cristinacce","Automatic feature localisation with constrained local models",2008,"Pattern Recognition","","https://api.elsevier.com/content/article/eid/1-s2.0-S0031320308000630","https://www.scopus.com/inward/citedby.uri?partnerID=HzOxMe3b&scp=45549088404&origin=inward",27,"2022-07-12 16:31:21","Article","10.1016/j.patcog.2008.01.024","0031-3203","https://api.elsevier.com/content/abstract/scopus_id/45549088404",41,10,3054,3067,291,20.79,291,1,14,"","",""
284,"H. Suk","Deep learning-based feature representation for AD/MCI classification",2013,"Lecture Notes in Computer Science (including subseries Lecture Notes in Artificial Intelligence and Lecture Notes in Bioinformatics)","","","https://www.scopus.com/inward/citedby.uri?partnerID=HzOxMe3b&scp=84885898432&origin=inward",28,"2022-07-12 16:31:21","Conference Paper","10.1007/978-3-642-40763-5_72","0302-9743","https://api.elsevier.com/content/abstract/scopus_id/84885898432",8150,,583,590,284,31.56,284,1,9,"","",""
271,"J. Zou","A comparative study of local matching approach for face recognition",2007,"IEEE Transactions on Image Processing","","","https://www.scopus.com/inward/citedby.uri?partnerID=HzOxMe3b&scp=34648825723&origin=inward",29,"2022-07-12 16:31:21","Article","10.1109/TIP.2007.904421","1057-7149","https://api.elsevier.com/content/abstract/scopus_id/34648825723",16,10,2617,2628,271,18.07,271,1,15,"","",""
265,"W. Wein","Automatic CT-ultrasound registration for diagnostic imaging and image-guided intervention",2008,"Medical Image Analysis","","https://api.elsevier.com/content/article/eid/1-s2.0-S1361841508000637","https://www.scopus.com/inward/citedby.uri?partnerID=HzOxMe3b&scp=48749100397&origin=inward",30,"2022-07-12 16:31:21","Article","10.1016/j.media.2008.06.006","1361-8415","https://api.elsevier.com/content/abstract/scopus_id/48749100397",12,5,577,585,265,18.93,265,1,14,"","",""
256,"R. Bock","Glaucoma risk index: Automated glaucoma detection from color fundus images",2010,"Medical Image Analysis","","https://api.elsevier.com/content/article/eid/1-s2.0-S1361841509001509","https://www.scopus.com/inward/citedby.uri?partnerID=HzOxMe3b&scp=77951645182&origin=inward",31,"2022-07-12 16:31:21","Article","10.1016/j.media.2009.12.006","1361-8415","https://api.elsevier.com/content/abstract/scopus_id/77951645182",14,3,471,481,256,21.33,256,1,12,"","",""
251,"R. Pydipati","Identification of citrus disease using color texture features and discriminant analysis",2006,"Computers and Electronics in Agriculture","","https://api.elsevier.com/content/article/eid/1-s2.0-S0168169906000287","https://www.scopus.com/inward/citedby.uri?partnerID=HzOxMe3b&scp=33646118990&origin=inward",32,"2022-07-12 16:31:21","Article","10.1016/j.compag.2006.01.004","0168-1699","https://api.elsevier.com/content/abstract/scopus_id/33646118990",52,1,49,59,251,15.69,251,1,16,"","",""
239,"M.A. Patil","A novel multistage Support Vector Machine based approach for Li ion battery remaining useful life estimation",2015,"Applied Energy","","https://api.elsevier.com/content/article/eid/1-s2.0-S0306261915010557","https://www.scopus.com/inward/citedby.uri?partnerID=HzOxMe3b&scp=84941893545&origin=inward",33,"2022-07-12 16:31:21","Article","10.1016/j.apenergy.2015.08.119","0306-2619","https://api.elsevier.com/content/abstract/scopus_id/84941893545",159,,285,297,239,34.14,239,1,7,"","",""
236,"J. Dou","Assessment of advanced random forest and decision tree algorithms for modeling rainfall-induced landslide susceptibility in the Izu-Oshima Volcanic Island, Japan",2019,"Science of the Total Environment","","https://api.elsevier.com/content/article/eid/1-s2.0-S0048969719303055","https://www.scopus.com/inward/citedby.uri?partnerID=HzOxMe3b&scp=85060476790&origin=inward",34,"2022-07-12 16:31:21","Article","10.1016/j.scitotenv.2019.01.221","0048-9697","https://api.elsevier.com/content/abstract/scopus_id/85060476790",662,,332,346,236,78.67,236,1,3,"","",""
228,"P. Prasanna","Automated Crack Detection on Concrete Bridges",2016,"IEEE Transactions on Automation Science and Engineering","","","https://www.scopus.com/inward/citedby.uri?partnerID=HzOxMe3b&scp=84907899278&origin=inward",35,"2022-07-12 16:31:21","Article","10.1109/TASE.2014.2354314","1545-5955","https://api.elsevier.com/content/abstract/scopus_id/84907899278",13,2,591,599,228,38.00,228,1,6,"","",""
228,"J. Tschirren","Intrathoracic airway trees: Segmentation and airway morphology analysis from low-dose CT scans",2005,"IEEE Transactions on Medical Imaging","","","https://www.scopus.com/inward/citedby.uri?partnerID=HzOxMe3b&scp=29144514433&origin=inward",36,"2022-07-12 16:31:21","Article","10.1109/TMI.2005.857654","0278-0062","https://api.elsevier.com/content/abstract/scopus_id/29144514433",24,12,1529,1539,228,13.41,228,1,17,"","",""
220,"F. Al Zamal","Homophily and latent attribute inference: Inferring latent attributes of Twitter users from neighbors",2012,"ICWSM 2012 - Proceedings of the 6th International AAAI Conference on Weblogs and Social Media","","","https://www.scopus.com/inward/citedby.uri?partnerID=HzOxMe3b&scp=84890629874&origin=inward",37,"2022-07-12 16:31:21","Conference Paper","","","https://api.elsevier.com/content/abstract/scopus_id/84890629874",,,387,390,220,22.00,220,1,10,"","",""
213,"M.L. Calle","Letter to the editor: Stability of Random Forest importance measures",2011,"Briefings in Bioinformatics","","","https://www.scopus.com/inward/citedby.uri?partnerID=HzOxMe3b&scp=79551641353&origin=inward",38,"2022-07-12 16:31:21","Letter","10.1093/bib/bbq011","1467-5463","https://api.elsevier.com/content/abstract/scopus_id/79551641353",12,1,86,89,213,19.36,213,1,11,"","",""
210,"O. Colliot","Discrimination between Alzheimer disease, mild cognitive impairment, and normal aging by using automated segmentation of the hippocampus",2008,"Radiology","","","https://www.scopus.com/inward/citedby.uri?partnerID=HzOxMe3b&scp=47249114750&origin=inward",39,"2022-07-12 16:31:21","Article","10.1148/radiol.2481070876","0033-8419","https://api.elsevier.com/content/abstract/scopus_id/47249114750",248,1,194,201,210,15.00,210,1,14,"","",""
205,"M. Cerrada","Fault diagnosis in spur gears based on genetic algorithm and random forest",2016,"Mechanical Systems and Signal Processing","","https://api.elsevier.com/content/article/eid/1-s2.0-S0888327015003921","https://www.scopus.com/inward/citedby.uri?partnerID=HzOxMe3b&scp=84961051737&origin=inward",40,"2022-07-12 16:31:21","Article","10.1016/j.ymssp.2015.08.030","0888-3270","https://api.elsevier.com/content/abstract/scopus_id/84961051737",70,,87,103,205,34.17,205,1,6,"","",""
205,"A. Gerson","Cortically coupled computer vision for rapid image search",2006,"IEEE Transactions on Neural Systems and Rehabilitation Engineering","","","https://www.scopus.com/inward/citedby.uri?partnerID=HzOxMe3b&scp=33746459045&origin=inward",41,"2022-07-12 16:31:21","Conference Paper","10.1109/TNSRE.2006.875550","1534-4320","https://api.elsevier.com/content/abstract/scopus_id/33746459045",14,2,174,179,205,12.81,205,1,16,"","",""
197,"S. Meister","UnFlow: Unsupervised learning of optical flow with a bidirectional census loss",2018,"32nd AAAI Conference on Artificial Intelligence, AAAI 2018","","","https://www.scopus.com/inward/citedby.uri?partnerID=HzOxMe3b&scp=85055432501&origin=inward",42,"2022-07-12 16:31:21","Conference Paper","","","https://api.elsevier.com/content/abstract/scopus_id/85055432501",,,7251,7259,197,49.25,197,1,4,"","",""
195,"H.I. Koo","Scene text detection via connected component clustering and nontext filtering",2013,"IEEE Transactions on Image Processing","","","https://www.scopus.com/inward/citedby.uri?partnerID=HzOxMe3b&scp=84876208085&origin=inward",43,"2022-07-12 16:31:21","Article","10.1109/TIP.2013.2249082","1057-7149","https://api.elsevier.com/content/abstract/scopus_id/84876208085",22,6,2296,2305,195,21.67,195,1,9,"","",""
195,"R. Palaniappan","Biometrics from brain electrical activity: A machine learning approach",2007,"IEEE Transactions on Pattern Analysis and Machine Intelligence","","","https://www.scopus.com/inward/citedby.uri?partnerID=HzOxMe3b&scp=33947521876&origin=inward",44,"2022-07-12 16:31:21","Article","10.1109/TPAMI.2007.1013","0162-8828","https://api.elsevier.com/content/abstract/scopus_id/33947521876",29,4,738,742,195,13.00,195,1,15,"","",""
195,"O. Clatz","Robust nonrigid registration to capture brain shift from intraoperative MRI",2005,"IEEE Transactions on Medical Imaging","","","https://www.scopus.com/inward/citedby.uri?partnerID=HzOxMe3b&scp=27744441182&origin=inward",45,"2022-07-12 16:31:21","Article","10.1109/TMI.2005.856734","0278-0062","https://api.elsevier.com/content/abstract/scopus_id/27744441182",24,11,1417,1427,195,11.47,195,1,17,"","",""
184,"Q. Feng","Scalable graph-based bug search for firmware images",2016,"Proceedings of the ACM Conference on Computer and Communications Security","","","https://www.scopus.com/inward/citedby.uri?partnerID=HzOxMe3b&scp=84995458914&origin=inward",46,"2022-07-12 16:31:21","Conference Paper","10.1145/2976749.2978370","1543-7221","https://api.elsevier.com/content/abstract/scopus_id/84995458914",24,,480,491,184,30.67,184,1,6,"","",""
183,"J. Teran","Creating and simulating skeletal muscle from the visible human data set",2005,"IEEE Transactions on Visualization and Computer Graphics","","","https://www.scopus.com/inward/citedby.uri?partnerID=HzOxMe3b&scp=17444419066&origin=inward",47,"2022-07-12 16:31:21","Article","10.1109/TVCG.2005.42","1077-2626","https://api.elsevier.com/content/abstract/scopus_id/17444419066",11,3,317,328,183,10.76,183,1,17,"","",""
173,"A. Sivanathan","Classifying IoT Devices in Smart Environments Using Network Traffic Characteristics",2019,"IEEE Transactions on Mobile Computing","","","https://www.scopus.com/inward/citedby.uri?partnerID=HzOxMe3b&scp=85051795525&origin=inward",48,"2022-07-12 16:31:21","Article","10.1109/TMC.2018.2866249","1536-1233","https://api.elsevier.com/content/abstract/scopus_id/85051795525",18,8,1745,1759,173,57.67,173,1,3,"","",""
172,"L. Čehovin","Robust visual tracking using an adaptive coupled-layer visual model",2013,"IEEE Transactions on Pattern Analysis and Machine Intelligence","","","https://www.scopus.com/inward/citedby.uri?partnerID=HzOxMe3b&scp=84874519372&origin=inward",49,"2022-07-12 16:31:21","Article","10.1109/TPAMI.2012.145","0162-8828","https://api.elsevier.com/content/abstract/scopus_id/84874519372",35,4,941,953,172,19.11,172,1,9,"","",""
171,"S. Hadjidimitriou","Toward an EEG-based recognition of music liking using time-frequency analysis",2012,"IEEE Transactions on Biomedical Engineering","","","https://www.scopus.com/inward/citedby.uri?partnerID=HzOxMe3b&scp=84870498019&origin=inward",50,"2022-07-12 16:31:21","Article","10.1109/TBME.2012.2217495","0018-9294","https://api.elsevier.com/content/abstract/scopus_id/84870498019",59,12,3498,3510,171,17.10,171,1,10,"","",""
171,"D. Bradley","Accurate multi-view reconstruction using robust binocular stereo and surface meshing",2008,"26th IEEE Conference on Computer Vision and Pattern Recognition, CVPR","","","https://www.scopus.com/inward/citedby.uri?partnerID=HzOxMe3b&scp=51949091754&origin=inward",51,"2022-07-12 16:31:21","Conference Paper","10.1109/CVPR.2008.4587792","","https://api.elsevier.com/content/abstract/scopus_id/51949091754",,,,,171,12.21,171,1,14,"","",""
163,"S. Chen","RAMOBoost: Ranked minority oversampling in boosting",2010,"IEEE Transactions on Neural Networks","","","https://www.scopus.com/inward/citedby.uri?partnerID=HzOxMe3b&scp=77957793322&origin=inward",52,"2022-07-12 16:31:21","Article","10.1109/TNN.2010.2066988","1045-9227","https://api.elsevier.com/content/abstract/scopus_id/77957793322",21,10,1624,1642,163,13.58,163,1,12,"","",""
160,"M. Kuffer","Slums from space-15 years of slum mapping using remote sensing",2016,"Remote Sensing","","","https://www.scopus.com/inward/citedby.uri?partnerID=HzOxMe3b&scp=84974785714&origin=inward",53,"2022-07-12 16:31:21","Review","10.3390/rs8060455","2072-4292","https://api.elsevier.com/content/abstract/scopus_id/84974785714",8,6,,,160,26.67,160,1,6,"","",""
160,"S.J. Redmond","Cardiorespiratory-based sleep staging in subjects with obstructive sleep apnea",2006,"IEEE Transactions on Biomedical Engineering","","","https://www.scopus.com/inward/citedby.uri?partnerID=HzOxMe3b&scp=33344461511&origin=inward",54,"2022-07-12 16:31:21","Article","10.1109/TBME.2005.869773","0018-9294","https://api.elsevier.com/content/abstract/scopus_id/33344461511",53,3,485,496,160,10.00,160,1,16,"","",""
158,"D.W. Kim","Design characteristics of studies reporting the performance of artificial intelligence algorithms for diagnostic analysis of medical images: Results from recently published papers",2019,"Korean Journal of Radiology","","","https://www.scopus.com/inward/citedby.uri?partnerID=HzOxMe3b&scp=85062058434&origin=inward",55,"2022-07-12 16:31:21","Article","10.3348/kjr.2019.0025","1229-6929","https://api.elsevier.com/content/abstract/scopus_id/85062058434",20,3,405,410,158,52.67,158,1,3,"","",""
155,"R.I. Ionasec","Patient-specific modeling and quantification of the aortic and mitral valves from 4-D cardiac CT and TEE",2010,"IEEE Transactions on Medical Imaging","","","https://www.scopus.com/inward/citedby.uri?partnerID=HzOxMe3b&scp=77956221376&origin=inward",56,"2022-07-12 16:31:21","Article","10.1109/TMI.2010.2048756","0278-0062","https://api.elsevier.com/content/abstract/scopus_id/77956221376",29,9,1636,1651,155,12.92,155,1,12,"","",""
155,"K. Yang","A stable gene selection in microarray data analysis",2006,"BMC Bioinformatics","","","https://www.scopus.com/inward/citedby.uri?partnerID=HzOxMe3b&scp=33746677949&origin=inward",57,"2022-07-12 16:31:21","Article","10.1186/1471-2105-7-228","1471-2105","https://api.elsevier.com/content/abstract/scopus_id/33746677949",7,,,,155,9.69,155,1,16,"","",""
151,"Ö. Arar","Software defect prediction using cost-sensitive neural network",2015,"Applied Soft Computing Journal","","https://api.elsevier.com/content/article/eid/1-s2.0-S1568494615002720","https://www.scopus.com/inward/citedby.uri?partnerID=HzOxMe3b&scp=84929145814&origin=inward",58,"2022-07-12 16:31:21","Article","10.1016/j.asoc.2015.04.045","1568-4946","https://api.elsevier.com/content/abstract/scopus_id/84929145814",33,,263,277,151,21.57,151,1,7,"","",""
149,"M. Cisse","Parseval networks: Improving robustness to adversarial examples",2017,"34th International Conference on Machine Learning, ICML 2017","","","https://www.scopus.com/inward/citedby.uri?partnerID=HzOxMe3b&scp=85046998902&origin=inward",59,"2022-07-12 16:31:21","Conference Paper","","","https://api.elsevier.com/content/abstract/scopus_id/85046998902",2,,1423,1432,149,29.80,149,1,5,"","",""
149,"J. Zhou","A model-based method for the computation of fingerprints' orientation field",2004,"IEEE Transactions on Image Processing","","","https://www.scopus.com/inward/citedby.uri?partnerID=HzOxMe3b&scp=2942591021&origin=inward",60,"2022-07-12 16:31:21","Article","10.1109/TIP.2003.822608","1057-7149","https://api.elsevier.com/content/abstract/scopus_id/2942591021",13,6,821,835,149,8.28,149,1,18,"","",""
147,"L. Wei","Fast prediction of protein methylation sites using a sequence-based feature selection technique",2017,"IEEE/ACM Transactions on Computational Biology and Bioinformatics","","","https://www.scopus.com/inward/citedby.uri?partnerID=HzOxMe3b&scp=85041235501&origin=inward",61,"2022-07-12 16:31:21","","10.1109/TCBB.2017.2670558","1545-5963","https://api.elsevier.com/content/abstract/scopus_id/85041235501",,,,,147,29.40,147,1,5,"","",""
142,"L. Yang","Unsupervised segmentation based on robust estimation and color active contour models",2005,"IEEE Transactions on Information Technology in Biomedicine","","","https://www.scopus.com/inward/citedby.uri?partnerID=HzOxMe3b&scp=25844480547&origin=inward",62,"2022-07-12 16:31:21","Article","10.1109/TITB.2005.847515","1089-7771","https://api.elsevier.com/content/abstract/scopus_id/25844480547",9,3,475,486,142,8.35,142,1,17,"","",""
141,"X. Ying","Catadioptric camera calibration using geometric invariants",2004,"IEEE Transactions on Pattern Analysis and Machine Intelligence","","","https://www.scopus.com/inward/citedby.uri?partnerID=HzOxMe3b&scp=4644306117&origin=inward",63,"2022-07-12 16:31:21","Article","10.1109/TPAMI.2004.79","0162-8828","https://api.elsevier.com/content/abstract/scopus_id/4644306117",26,10,1260,1271,141,7.83,141,1,18,"","",""
140,"J. Wang","Analysis and application of forecasting models in wind power integration: A review of multi-step-ahead wind speed forecasting models",2016,"Renewable and Sustainable Energy Reviews","","https://api.elsevier.com/content/article/eid/1-s2.0-S1364032116001441","https://www.scopus.com/inward/citedby.uri?partnerID=HzOxMe3b&scp=84958280573&origin=inward",64,"2022-07-12 16:31:21","Review","10.1016/j.rser.2016.01.114","1364-0321","https://api.elsevier.com/content/abstract/scopus_id/84958280573",60,,960,981,140,23.33,140,1,6,"","",""
138,"S. Elhag","On the combination of genetic fuzzy systems and pairwise learning for improving detection rates on Intrusion Detection Systems",2015,"Expert Systems with Applications","","https://api.elsevier.com/content/article/eid/1-s2.0-S0957417414004783","https://www.scopus.com/inward/citedby.uri?partnerID=HzOxMe3b&scp=84906542953&origin=inward",65,"2022-07-12 16:31:21","Article","10.1016/j.eswa.2014.08.002","0957-4174","https://api.elsevier.com/content/abstract/scopus_id/84906542953",42,1,193,202,138,19.71,138,1,7,"","",""
138,"C.H. Chan","Multiscale local phase quantization for robust component-based face recognition using kernel fusion of multiple descriptors",2013,"IEEE Transactions on Pattern Analysis and Machine Intelligence","","","https://www.scopus.com/inward/citedby.uri?partnerID=HzOxMe3b&scp=84875461472&origin=inward",66,"2022-07-12 16:31:21","Article","10.1109/TPAMI.2012.199","0162-8828","https://api.elsevier.com/content/abstract/scopus_id/84875461472",35,5,1164,1177,138,15.33,138,1,9,"","",""
137,"N. Zeng","Deep Belief Networks for Quantitative Analysis of a Gold Immunochromatographic Strip",2016,"Cognitive Computation","","","https://www.scopus.com/inward/citedby.uri?partnerID=HzOxMe3b&scp=84964598999&origin=inward",67,"2022-07-12 16:31:21","Article","10.1007/s12559-016-9404-x","1866-9956","https://api.elsevier.com/content/abstract/scopus_id/84964598999",8,4,684,692,137,22.83,137,1,6,"","",""
136,"S. Huang","Learning-Based Vertebra Detection and Iterative Normalized-Cut Segmentation for Spinal MRI",2009,"IEEE Transactions on Medical Imaging","","","https://www.scopus.com/inward/citedby.uri?partnerID=HzOxMe3b&scp=70349852854&origin=inward",68,"2022-07-12 16:31:21","Article","10.1109/TMI.2009.2023362","0278-0062","https://api.elsevier.com/content/abstract/scopus_id/70349852854",28,10,1595,1605,136,10.46,136,1,13,"","",""
135,"L. Grosenick","Interpretable whole-brain prediction analysis with GraphNet",2013,"NeuroImage","","https://api.elsevier.com/content/article/eid/1-s2.0-S1053811912012487","https://www.scopus.com/inward/citedby.uri?partnerID=HzOxMe3b&scp=84874528278&origin=inward",69,"2022-07-12 16:31:21","Article","10.1016/j.neuroimage.2012.12.062","1053-8119","https://api.elsevier.com/content/abstract/scopus_id/84874528278",72,,304,321,135,15.00,135,1,9,"","",""
134,"D. Jha","ElemNet: Deep Learning the Chemistry of Materials From Only Elemental Composition",2018,"Scientific Reports","","","https://www.scopus.com/inward/citedby.uri?partnerID=HzOxMe3b&scp=85057629120&origin=inward",70,"2022-07-12 16:31:21","Article","10.1038/s41598-018-35934-y","2045-2322","https://api.elsevier.com/content/abstract/scopus_id/85057629120",8,1,,,134,33.50,134,1,4,"","",""
133,"A. Mellor","Exploring issues of training data imbalance and mislabelling on random forest performance for large area land cover classification using the ensemble margin",2015,"ISPRS Journal of Photogrammetry and Remote Sensing","","https://api.elsevier.com/content/article/eid/1-s2.0-S0924271615000945","https://www.scopus.com/inward/citedby.uri?partnerID=HzOxMe3b&scp=84928328671&origin=inward",71,"2022-07-12 16:31:21","Article","10.1016/j.isprsjprs.2015.03.014","0924-2716","https://api.elsevier.com/content/abstract/scopus_id/84928328671",105,,155,168,133,19.00,133,1,7,"","",""
133,"S. Zhang","Deformable segmentation via sparse representation and dictionary learning",2012,"Medical Image Analysis","","https://api.elsevier.com/content/article/eid/1-s2.0-S1361841512000990","https://www.scopus.com/inward/citedby.uri?partnerID=HzOxMe3b&scp=84866450569&origin=inward",72,"2022-07-12 16:31:21","Article","10.1016/j.media.2012.07.007","1361-8415","https://api.elsevier.com/content/abstract/scopus_id/84866450569",16,7,1385,1396,133,13.30,133,1,10,"","",""
132,"J. Zhang","Protecting intellectual property of deep neural networks with watermarking",2018,"ASIACCS 2018 - Proceedings of the 2018 ACM Asia Conference on Computer and Communications Security","","","https://www.scopus.com/inward/citedby.uri?partnerID=HzOxMe3b&scp=85049197059&origin=inward",73,"2022-07-12 16:31:21","Conference Paper","10.1145/3196494.3196550","","https://api.elsevier.com/content/abstract/scopus_id/85049197059",,,159,171,132,33.00,132,1,4,"","",""
132,"J. Duparré","Micro-optical artificial compound eyes",2006,"Bioinspiration and Biomimetics","","","https://www.scopus.com/inward/citedby.uri?partnerID=HzOxMe3b&scp=33745714845&origin=inward",74,"2022-07-12 16:31:21","Review","10.1088/1748-3182/1/1/R01","1748-3182","https://api.elsevier.com/content/abstract/scopus_id/33745714845",1,1,,,132,8.25,132,1,16,"","",""
131,"Z. Liang","CNN-based image analysis for malaria diagnosis",2017,"Proceedings - 2016 IEEE International Conference on Bioinformatics and Biomedicine, BIBM 2016","","","https://www.scopus.com/inward/citedby.uri?partnerID=HzOxMe3b&scp=85013270066&origin=inward",75,"2022-07-12 16:31:21","Conference Paper","10.1109/BIBM.2016.7822567","","https://api.elsevier.com/content/abstract/scopus_id/85013270066",,,493,496,131,26.20,131,1,5,"","",""
131,"V. Gemignani","A system for real-time measurement of the brachial artery diameter in B-mode ultrasound images",2007,"IEEE Transactions on Medical Imaging","","","https://www.scopus.com/inward/citedby.uri?partnerID=HzOxMe3b&scp=33847790738&origin=inward",76,"2022-07-12 16:31:21","Article","10.1109/TMI.2006.891477","0278-0062","https://api.elsevier.com/content/abstract/scopus_id/33847790738",26,3,393,404,131,8.73,131,1,15,"","",""
131,"H. Narasimha-Iyer","Robust detection and classification of longitudinal changes in color retinal fundus images for monitoring diabetic retinopathy",2006,"IEEE Transactions on Biomedical Engineering","","","https://www.scopus.com/inward/citedby.uri?partnerID=HzOxMe3b&scp=33744986261&origin=inward",77,"2022-07-12 16:31:21","Article","10.1109/TBME.2005.863971","0018-9294","https://api.elsevier.com/content/abstract/scopus_id/33744986261",53,6,1084,1098,131,8.19,131,1,16,"","",""
129,"A. Onan","A fuzzy-rough nearest neighbor classifier combined with consistency-based subset evaluation and instance selection for automated diagnosis of breast cancer",2015,"Expert Systems with Applications","","https://api.elsevier.com/content/article/eid/1-s2.0-S0957417415003267","https://www.scopus.com/inward/citedby.uri?partnerID=HzOxMe3b&scp=84930676094&origin=inward",78,"2022-07-12 16:31:21","Article","10.1016/j.eswa.2015.05.006","0957-4174","https://api.elsevier.com/content/abstract/scopus_id/84930676094",42,20,6844,6852,129,18.43,129,1,7,"","",""
128,"X. Peng","Extreme learning machine-based classification of ADHD using brain structural MRI data",2013,"PLoS ONE","","","https://www.scopus.com/inward/citedby.uri?partnerID=HzOxMe3b&scp=84894284759&origin=inward",79,"2022-07-12 16:31:21","Article","10.1371/journal.pone.0079476","1932-6203","https://api.elsevier.com/content/abstract/scopus_id/84894284759",8,11,,,128,14.22,128,1,9,"","",""
127,"F. Ghesu","Multi-Scale Deep Reinforcement Learning for Real-Time 3D-Landmark Detection in CT Scans",2019,"IEEE Transactions on Pattern Analysis and Machine Intelligence","","","https://www.scopus.com/inward/citedby.uri?partnerID=HzOxMe3b&scp=85038878979&origin=inward",80,"2022-07-12 16:31:21","Article","10.1109/TPAMI.2017.2782687","0162-8828","https://api.elsevier.com/content/abstract/scopus_id/85038878979",41,1,176,189,127,42.33,127,1,3,"","",""
127,"K. Rosenblatt","Serum proteomics in cancer diagnosis and management",2004,"Annual Review of Medicine","","","https://www.scopus.com/inward/citedby.uri?partnerID=HzOxMe3b&scp=1542329047&origin=inward",81,"2022-07-12 16:31:21","Review","10.1146/annurev.med.55.091902.105237","0066-4219","https://api.elsevier.com/content/abstract/scopus_id/1542329047",55,,97,112,127,7.06,127,1,18,"","",""
126,"W. Bai","Multi-atlas segmentation with augmented features for cardiac MR images",2015,"Medical Image Analysis","","https://api.elsevier.com/content/article/eid/1-s2.0-S136184151400142X","https://www.scopus.com/inward/citedby.uri?partnerID=HzOxMe3b&scp=84908128415&origin=inward",82,"2022-07-12 16:31:21","Article","10.1016/j.media.2014.09.005","1361-8415","https://api.elsevier.com/content/abstract/scopus_id/84908128415",19,1,98,109,126,18.00,126,1,7,"","",""
125,"A. Abraham","Quantitative study of single molecule location estimation techniques",2009,"Optics Express","","","https://www.scopus.com/inward/citedby.uri?partnerID=HzOxMe3b&scp=73949160016&origin=inward",83,"2022-07-12 16:31:21","Article","10.1364/OE.17.023352","1094-4087","https://api.elsevier.com/content/abstract/scopus_id/73949160016",17,26,23352,23373,125,9.62,125,1,13,"","",""
124,"Y.Y. Liu","Automated macular pathology diagnosis in retinal OCT images using multi-scale spatial pyramid and local binary patterns in texture and shape encoding",2011,"Medical Image Analysis","","https://api.elsevier.com/content/article/eid/1-s2.0-S1361841511000922","https://www.scopus.com/inward/citedby.uri?partnerID=HzOxMe3b&scp=80052138068&origin=inward",84,"2022-07-12 16:31:21","Article","10.1016/j.media.2011.06.005","1361-8415","https://api.elsevier.com/content/abstract/scopus_id/80052138068",15,5,748,759,124,11.27,124,1,11,"","",""
123,"L. Massoptier","A new fully automatic and robust algorithm for fast segmentation of liver tissue and tumors from CT scans",2008,"European Radiology","","","https://www.scopus.com/inward/citedby.uri?partnerID=HzOxMe3b&scp=48949116533&origin=inward",85,"2022-07-12 16:31:21","Article","10.1007/s00330-008-0924-y","0938-7994","https://api.elsevier.com/content/abstract/scopus_id/48949116533",18,8,1658,1665,123,8.79,123,1,14,"","",""
123,"S. Duchesne","MRI-based automated computer classification of probable AD versus normal controls",2008,"IEEE Transactions on Medical Imaging","","","https://www.scopus.com/inward/citedby.uri?partnerID=HzOxMe3b&scp=41649087416&origin=inward",86,"2022-07-12 16:31:21","Article","10.1109/TMI.2007.908685","0278-0062","https://api.elsevier.com/content/abstract/scopus_id/41649087416",27,4,509,520,123,8.79,123,1,14,"","",""
123,"V. Krishnan","A comparative study of machine-learning methods to predict the effects of single nucleotide polymorphisms on protein function",2003,"Bioinformatics","","","https://www.scopus.com/inward/citedby.uri?partnerID=HzOxMe3b&scp=0344033683&origin=inward",87,"2022-07-12 16:31:21","Article","10.1093/bioinformatics/btg297","1367-4803","https://api.elsevier.com/content/abstract/scopus_id/0344033683",19,17,2199,2209,123,6.47,123,1,19,"","",""
121,"J. Forsberg","Estimating survival in patients with operable skeletal metastases: An application of a Bayesian belief network",2011,"PLoS ONE","","","https://www.scopus.com/inward/citedby.uri?partnerID=HzOxMe3b&scp=79955936711&origin=inward",88,"2022-07-12 16:31:21","Article","10.1371/journal.pone.0019956","1932-6203","https://api.elsevier.com/content/abstract/scopus_id/79955936711",6,5,,,121,11.00,121,1,11,"","",""
121,"R. Al-Hajj Mohamad","Combining slanted-frame classifiers for improved HMM-based arabic handwriting recognition",2009,"IEEE Transactions on Pattern Analysis and Machine Intelligence","","","https://www.scopus.com/inward/citedby.uri?partnerID=HzOxMe3b&scp=67349282554&origin=inward",89,"2022-07-12 16:31:21","Article","10.1109/TPAMI.2008.136","0162-8828","https://api.elsevier.com/content/abstract/scopus_id/67349282554",31,7,1165,1177,121,9.31,121,1,13,"","",""
119,"H. Ling","Hierarchical, learning-based automatic liver segmentation",2008,"26th IEEE Conference on Computer Vision and Pattern Recognition, CVPR","","","https://www.scopus.com/inward/citedby.uri?partnerID=HzOxMe3b&scp=52249083278&origin=inward",90,"2022-07-12 16:31:21","Conference Paper","10.1109/CVPR.2008.4587393","","https://api.elsevier.com/content/abstract/scopus_id/52249083278",,,,,119,8.50,119,1,14,"","",""
116,"A. Subasi","Epileptic seizure detection using hybrid machine learning methods",2019,"Neural Computing and Applications","","","https://www.scopus.com/inward/citedby.uri?partnerID=HzOxMe3b&scp=85018240855&origin=inward",91,"2022-07-12 16:31:21","Article","10.1007/s00521-017-3003-y","0941-0643","https://api.elsevier.com/content/abstract/scopus_id/85018240855",31,1,317,325,116,38.67,116,1,3,"","",""
115,"R. He","Two-stage nonnegative sparse representation for large-scale face recognition",2013,"IEEE Transactions on Neural Networks and Learning Systems","","","https://www.scopus.com/inward/citedby.uri?partnerID=HzOxMe3b&scp=84884945640&origin=inward",92,"2022-07-12 16:31:21","Article","10.1109/TNNLS.2012.2226471","2162-237X","https://api.elsevier.com/content/abstract/scopus_id/84884945640",24,1,35,46,115,12.78,115,1,9,"","",""
114,"A. Shenfield","Intelligent intrusion detection systems using artificial neural networks",2018,"ICT Express","","https://api.elsevier.com/content/article/eid/1-s2.0-S2405959518300493","https://www.scopus.com/inward/citedby.uri?partnerID=HzOxMe3b&scp=85046627318&origin=inward",93,"2022-07-12 16:31:21","Article","10.1016/j.icte.2018.04.003","2405-9595","https://api.elsevier.com/content/abstract/scopus_id/85046627318",4,2,95,99,114,28.50,114,1,4,"","",""
114,"H. Asadi","Machine learning for outcome prediction of acute ischemic stroke post intra-arterial therapy",2014,"PLoS ONE","","","https://www.scopus.com/inward/citedby.uri?partnerID=HzOxMe3b&scp=84895809445&origin=inward",94,"2022-07-12 16:31:21","Article","10.1371/journal.pone.0088225","1932-6203","https://api.elsevier.com/content/abstract/scopus_id/84895809445",9,2,,,114,14.25,114,1,8,"","",""
113,"Y. Xie","Evaluation of machine learning methods for formation lithology identification: A comparison of tuning processes and model performances",2018,"Journal of Petroleum Science and Engineering","","https://api.elsevier.com/content/article/eid/1-s2.0-S0920410517308094","https://www.scopus.com/inward/citedby.uri?partnerID=HzOxMe3b&scp=85033596996&origin=inward",95,"2022-07-12 16:31:21","Article","10.1016/j.petrol.2017.10.028","0920-4105","https://api.elsevier.com/content/abstract/scopus_id/85033596996",160,,182,193,113,28.25,113,1,4,"","",""
112,"Y. Hao","HSME: Hypersphere manifold embedding for visible thermal person re-identification",2019,"33rd AAAI Conference on Artificial Intelligence, AAAI 2019, 31st Innovative Applications of Artificial Intelligence Conference, IAAI 2019 and the 9th AAAI Symposium on Educational Advances in Artificial Intelligence, EAAI 2019","","","https://www.scopus.com/inward/citedby.uri?partnerID=HzOxMe3b&scp=85085930286&origin=inward",96,"2022-07-12 16:31:21","Conference Paper","","","https://api.elsevier.com/content/abstract/scopus_id/85085930286",,,8385,8392,112,37.33,112,1,3,"","",""
112,"H. Nguyen","Predicting Blast-Induced Air Overpressure: A Robust Artificial Intelligence System Based on Artificial Neural Networks and Random Forest",2019,"Natural Resources Research","","","https://www.scopus.com/inward/citedby.uri?partnerID=HzOxMe3b&scp=85056260987&origin=inward",97,"2022-07-12 16:31:21","Article","10.1007/s11053-018-9424-1","1520-7439","https://api.elsevier.com/content/abstract/scopus_id/85056260987",28,3,893,907,112,37.33,112,1,3,"","",""
112,"P.G. Asteris","Feed-forward neural network prediction of the mechanical properties of sandcrete materials",2017,"Sensors (Switzerland)","","","https://www.scopus.com/inward/citedby.uri?partnerID=HzOxMe3b&scp=85020453974&origin=inward",98,"2022-07-12 16:31:21","Article","10.3390/s17061344","1424-8220","https://api.elsevier.com/content/abstract/scopus_id/85020453974",17,6,,,112,22.40,112,1,5,"","",""
111,"S.H.A. Kaboli","Long-term electrical energy consumption formulating and forecasting via optimized gene expression programming",2017,"Energy","","https://api.elsevier.com/content/article/eid/1-s2.0-S0360544217303675","https://www.scopus.com/inward/citedby.uri?partnerID=HzOxMe3b&scp=85015013097&origin=inward",99,"2022-07-12 16:31:21","Article","10.1016/j.energy.2017.03.009","0360-5442","https://api.elsevier.com/content/abstract/scopus_id/85015013097",126,,144,164,111,22.20,111,1,5,"","",""
110,"J. Wasmuth","prot4EST: Translating expressed sequence tags from neglected genomes",2004,"BMC Bioinformatics","","","https://www.scopus.com/inward/citedby.uri?partnerID=HzOxMe3b&scp=13244256972&origin=inward",100,"2022-07-12 16:31:21","Article","10.1186/1471-2105-5-187","1471-2105","https://api.elsevier.com/content/abstract/scopus_id/13244256972",5,,,,110,6.11,110,1,18,"","",""
109,"L. Xu","Robust prostate cancer marker genes emerge from direct integration of inter-study microarray data",2005,"Bioinformatics","","","https://www.scopus.com/inward/citedby.uri?partnerID=HzOxMe3b&scp=27544492493&origin=inward",101,"2022-07-12 16:31:21","Article","10.1093/bioinformatics/bti647","1367-4803","https://api.elsevier.com/content/abstract/scopus_id/27544492493",21,20,3905,3911,109,6.41,109,1,17,"","",""
108,"C. Sobie","Simulation-driven machine learning: Bearing fault classification",2018,"Mechanical Systems and Signal Processing","","https://api.elsevier.com/content/article/eid/1-s2.0-S0888327017303357","https://www.scopus.com/inward/citedby.uri?partnerID=HzOxMe3b&scp=85026874827&origin=inward",102,"2022-07-12 16:31:21","Article","10.1016/j.ymssp.2017.06.025","0888-3270","https://api.elsevier.com/content/abstract/scopus_id/85026874827",99,,403,419,108,27.00,108,1,4,"","",""
108,"C. Ledig","Robust whole-brain segmentation: Application to traumatic brain injury",2015,"Medical Image Analysis","","https://api.elsevier.com/content/article/eid/1-s2.0-S136184151400187X","https://www.scopus.com/inward/citedby.uri?partnerID=HzOxMe3b&scp=84922448678&origin=inward",103,"2022-07-12 16:31:21","Article","10.1016/j.media.2014.12.003","1361-8415","https://api.elsevier.com/content/abstract/scopus_id/84922448678",21,1,40,58,108,15.43,108,1,7,"","",""
108,"R. Min","Effective image retrieval using dominant color descriptor and fuzzy support vector machine",2009,"Pattern Recognition","","https://api.elsevier.com/content/article/eid/1-s2.0-S003132030800277X","https://www.scopus.com/inward/citedby.uri?partnerID=HzOxMe3b&scp=51649087577&origin=inward",104,"2022-07-12 16:31:21","Article","10.1016/j.patcog.2008.07.001","0031-3203","https://api.elsevier.com/content/abstract/scopus_id/51649087577",42,1,147,157,108,8.31,108,1,13,"","",""
107,"N. Somu","A hybrid model for building energy consumption forecasting using long short term memory networks",2020,"Applied Energy","","https://api.elsevier.com/content/article/eid/1-s2.0-S0306261919318185","https://www.scopus.com/inward/citedby.uri?partnerID=HzOxMe3b&scp=85077050660&origin=inward",105,"2022-07-12 16:31:21","Article","10.1016/j.apenergy.2019.114131","0306-2619","https://api.elsevier.com/content/abstract/scopus_id/85077050660",261,,,,107,53.50,107,1,2,"","",""
107,"M.S. Santos","A new cluster-based oversampling method for improving survival prediction of hepatocellular carcinoma patients",2015,"Journal of Biomedical Informatics","","https://api.elsevier.com/content/article/eid/1-s2.0-S1532046415002063","https://www.scopus.com/inward/citedby.uri?partnerID=HzOxMe3b&scp=84947934366&origin=inward",106,"2022-07-12 16:31:21","Article","10.1016/j.jbi.2015.09.012","1532-0464","https://api.elsevier.com/content/abstract/scopus_id/84947934366",58,,49,59,107,15.29,107,1,7,"","",""
106,"S.P. Chatzis","Forecasting stock market crisis events using deep and statistical machine learning techniques",2018,"Expert Systems with Applications","","https://api.elsevier.com/content/article/eid/1-s2.0-S0957417418303798","https://www.scopus.com/inward/citedby.uri?partnerID=HzOxMe3b&scp=85049298917&origin=inward",107,"2022-07-12 16:31:21","Article","10.1016/j.eswa.2018.06.032","0957-4174","https://api.elsevier.com/content/abstract/scopus_id/85049298917",112,,353,371,106,26.50,106,1,4,"","",""
106,"M.A. Gülsün","Robust vessel tree modeling",2008,"Lecture Notes in Computer Science (including subseries Lecture Notes in Artificial Intelligence and Lecture Notes in Bioinformatics)","","","https://www.scopus.com/inward/citedby.uri?partnerID=HzOxMe3b&scp=84883836755&origin=inward",108,"2022-07-12 16:31:21","Conference Paper","10.1007/978-3-540-85988-8_72","0302-9743","https://api.elsevier.com/content/abstract/scopus_id/84883836755",5241,,602,611,106,7.57,106,1,14,"","",""
106,"J.H. Shin","Detection of abnormal living patterns for elderly living alone using support vector data description",2011,"IEEE Transactions on Information Technology in Biomedicine","","","https://www.scopus.com/inward/citedby.uri?partnerID=HzOxMe3b&scp=79955650504&origin=inward",109,"2022-07-12 16:31:21","Article","10.1109/TITB.2011.2113352","1089-7771","https://api.elsevier.com/content/abstract/scopus_id/79955650504",15,3,438,448,106,9.64,106,1,11,"","",""
106,"X. Papademetris","Integrated intensity and point-feature nonrigid registration",2004,"Lecture Notes in Computer Science","","","https://www.scopus.com/inward/citedby.uri?partnerID=HzOxMe3b&scp=20344363931&origin=inward",110,"2022-07-12 16:31:21","Conference Paper","10.1007/978-3-540-30135-6_93","0302-9743","https://api.elsevier.com/content/abstract/scopus_id/20344363931",3216,,763,770,106,5.89,106,1,18,"","",""
104,"X. Cai","Exact top-k feature selection via ℓ<inf>2;0</inf>-norm constraint",2013,"IJCAI International Joint Conference on Artificial Intelligence","","","https://www.scopus.com/inward/citedby.uri?partnerID=HzOxMe3b&scp=84896061418&origin=inward",111,"2022-07-12 16:31:21","Conference Paper","","1045-0823","https://api.elsevier.com/content/abstract/scopus_id/84896061418",,,1240,1246,104,11.56,104,1,9,"","",""
104,"J. Tyrrell","Robust 3-D modeling of vasculature imagery using superellipsoids",2007,"IEEE Transactions on Medical Imaging","","","https://www.scopus.com/inward/citedby.uri?partnerID=HzOxMe3b&scp=33847623247&origin=inward",112,"2022-07-12 16:31:21","Article","10.1109/TMI.2006.889722","0278-0062","https://api.elsevier.com/content/abstract/scopus_id/33847623247",26,2,223,237,104,6.93,104,1,15,"","",""
104,"G. Dror","Accurate identification of alternatively spliced exons using support vector machine",2005,"Bioinformatics","","","https://www.scopus.com/inward/citedby.uri?partnerID=HzOxMe3b&scp=16344396421&origin=inward",113,"2022-07-12 16:31:21","Article","10.1093/bioinformatics/bti132","1367-4803","https://api.elsevier.com/content/abstract/scopus_id/16344396421",21,7,897,901,104,6.12,104,1,17,"","",""
103,"A. Fawzi","Analysis of classifiers’ robustness to adversarial perturbations",2018,"Machine Learning","","","https://www.scopus.com/inward/citedby.uri?partnerID=HzOxMe3b&scp=85028308759&origin=inward",114,"2022-07-12 16:31:21","Article","10.1007/s10994-017-5663-3","0885-6125","https://api.elsevier.com/content/abstract/scopus_id/85028308759",107,3,481,508,103,25.75,103,1,4,"","",""
102,"Y. Lu","Differentially private asynchronous federated learning for mobile edge computing in urban informatics",2020,"IEEE Transactions on Industrial Informatics","","","https://www.scopus.com/inward/citedby.uri?partnerID=HzOxMe3b&scp=85078875848&origin=inward",115,"2022-07-12 16:31:21","Article","10.1109/TII.2019.2942179","1551-3203","https://api.elsevier.com/content/abstract/scopus_id/85078875848",16,3,2134,2143,102,51.00,102,1,2,"","",""
102,"R. Liao","An artificial agent for robust image registration",2017,"31st AAAI Conference on Artificial Intelligence, AAAI 2017","","","https://www.scopus.com/inward/citedby.uri?partnerID=HzOxMe3b&scp=85029362924&origin=inward",116,"2022-07-12 16:31:21","Conference Paper","","","https://api.elsevier.com/content/abstract/scopus_id/85029362924",,,4168,4175,102,20.40,102,1,5,"","",""
102,"J. Kim","Robust algorithm for arrhythmia classification in ECG using extreme learning machine.",2009,"Biomedical engineering online","","","https://www.scopus.com/inward/citedby.uri?partnerID=HzOxMe3b&scp=74049158271&origin=inward",117,"2022-07-12 16:31:21","Article","10.1186/1475-925X-8-31","1475-925X","https://api.elsevier.com/content/abstract/scopus_id/74049158271",8,,31,31,102,7.85,102,1,13,"","",""
102,"R.J. Moran","Telephony-based voice pathology assessment using automated speech analysis",2006,"IEEE Transactions on Biomedical Engineering","","","https://www.scopus.com/inward/citedby.uri?partnerID=HzOxMe3b&scp=33344458883&origin=inward",118,"2022-07-12 16:31:21","Article","10.1109/TBME.2005.869776","0018-9294","https://api.elsevier.com/content/abstract/scopus_id/33344458883",53,3,468,477,102,6.38,102,1,16,"","",""
101,"M. Maniruzzaman","Accurate Diabetes Risk Stratification Using Machine Learning: Role of Missing Value and Outliers",2018,"Journal of Medical Systems","","","https://www.scopus.com/inward/citedby.uri?partnerID=HzOxMe3b&scp=85045270757&origin=inward",119,"2022-07-12 16:31:21","Article","10.1007/s10916-018-0940-7","0148-5598","https://api.elsevier.com/content/abstract/scopus_id/85045270757",42,5,,,101,25.25,101,1,4,"","",""
101,"M. Pérez-Ortiz","Selecting patterns and features for between- and within- crop-row weed mapping using UAV-imagery",2016,"Expert Systems with Applications","","https://api.elsevier.com/content/article/eid/1-s2.0-S0957417415007472","https://www.scopus.com/inward/citedby.uri?partnerID=HzOxMe3b&scp=84949520283&origin=inward",120,"2022-07-12 16:31:21","Article","10.1016/j.eswa.2015.10.043","0957-4174","https://api.elsevier.com/content/abstract/scopus_id/84949520283",47,,85,94,101,16.83,101,1,6,"","",""
101,"H. Wang","A modified fuzzy C-means classification method using a multiscale diffusion filtering scheme",2009,"Medical Image Analysis","","https://api.elsevier.com/content/article/eid/1-s2.0-S1361841508000716","https://www.scopus.com/inward/citedby.uri?partnerID=HzOxMe3b&scp=62549123629&origin=inward",121,"2022-07-12 16:31:21","Article","10.1016/j.media.2008.06.014","1361-8415","https://api.elsevier.com/content/abstract/scopus_id/62549123629",13,2,193,202,101,7.77,101,1,13,"","",""
101,"Y. Keller","Multisensor image registration via implicit similarity",2006,"IEEE Transactions on Pattern Analysis and Machine Intelligence","","","https://www.scopus.com/inward/citedby.uri?partnerID=HzOxMe3b&scp=33645145877&origin=inward",122,"2022-07-12 16:31:21","Article","10.1109/TPAMI.2006.100","0162-8828","https://api.elsevier.com/content/abstract/scopus_id/33645145877",28,5,794,801,101,6.31,101,1,16,"","",""
100,"M. Selvaraj","AI-powered banana diseases and pest detection",2019,"Plant Methods","","","https://www.scopus.com/inward/citedby.uri?partnerID=HzOxMe3b&scp=85070716344&origin=inward",123,"2022-07-12 16:31:21","Article","10.1186/s13007-019-0475-z","1746-4811","https://api.elsevier.com/content/abstract/scopus_id/85070716344",15,1,,,100,33.33,100,1,3,"","",""
100,"K. Nicodemus","Letter to the editor: on the stability and ranking of predictors from random forest variable importance measures.",2011,"Briefings in bioinformatics","","","https://www.scopus.com/inward/citedby.uri?partnerID=HzOxMe3b&scp=82255174148&origin=inward",124,"2022-07-12 16:31:21","Note","10.1093/bib/bbr016","1477-4054","https://api.elsevier.com/content/abstract/scopus_id/82255174148",12,4,369,373,100,9.09,100,1,11,"","",""
100,"Y. Chen","Flexible neural trees ensemble for stock index modeling",2007,"Neurocomputing","","https://api.elsevier.com/content/article/eid/1-s2.0-S0925231206002736","https://www.scopus.com/inward/citedby.uri?partnerID=HzOxMe3b&scp=33845997779&origin=inward",125,"2022-07-12 16:31:21","Article","10.1016/j.neucom.2006.10.005","0925-2312","https://api.elsevier.com/content/abstract/scopus_id/33845997779",70,4,697,703,100,6.67,100,1,15,"","",""
98,"K. Yan","ARX model based fault detection and diagnosis for chillers using support vector machines",2014,"Energy and Buildings","","https://api.elsevier.com/content/article/eid/1-s2.0-S0378778814004733","https://www.scopus.com/inward/citedby.uri?partnerID=HzOxMe3b&scp=84904133184&origin=inward",126,"2022-07-12 16:31:21","Article","10.1016/j.enbuild.2014.05.049","0378-7788","https://api.elsevier.com/content/abstract/scopus_id/84904133184",81,,287,295,98,12.25,98,1,8,"","",""
98,"I. Zavorin","Use of multiresolution wavelet feature pyramids for automatic registration of multisensor imagery",2005,"IEEE Transactions on Image Processing","","","https://www.scopus.com/inward/citedby.uri?partnerID=HzOxMe3b&scp=20444372946&origin=inward",127,"2022-07-12 16:31:21","Article","10.1109/TIP.2005.847287","1057-7149","https://api.elsevier.com/content/abstract/scopus_id/20444372946",14,6,770,782,98,5.76,98,1,17,"","",""
96,"X. Wang","Distributed visual-target-surveillance system in wireless sensor networks",2009,"IEEE Transactions on Systems, Man, and Cybernetics, Part B: Cybernetics","","","https://www.scopus.com/inward/citedby.uri?partnerID=HzOxMe3b&scp=67649413126&origin=inward",128,"2022-07-12 16:31:21","Article","10.1109/TSMCB.2009.2013196","1083-4419","https://api.elsevier.com/content/abstract/scopus_id/67649413126",39,5,1134,1146,96,7.38,96,1,13,"","",""
94,"G. Pollastri","Accurate prediction of protein secondary structure and solvent accessibility by consensus combiners of sequence and structure information",2007,"BMC Bioinformatics","","","https://www.scopus.com/inward/citedby.uri?partnerID=HzOxMe3b&scp=34547127137&origin=inward",129,"2022-07-12 16:31:21","Article","10.1186/1471-2105-8-201","1471-2105","https://api.elsevier.com/content/abstract/scopus_id/34547127137",8,,,,94,6.27,94,1,15,"","",""
93,"Z. Wang","A novel ensemble learning approach to support building energy use prediction",2018,"Energy and Buildings","","https://api.elsevier.com/content/article/eid/1-s2.0-S0378778817335272","https://www.scopus.com/inward/citedby.uri?partnerID=HzOxMe3b&scp=85032939165&origin=inward",130,"2022-07-12 16:31:21","Article","10.1016/j.enbuild.2017.10.085","0378-7788","https://api.elsevier.com/content/abstract/scopus_id/85032939165",159,,109,122,93,23.25,93,1,4,"","",""
93,"X. Yang","Learning to read irregular text with attention mechanisms",2017,"IJCAI International Joint Conference on Artificial Intelligence","","","https://www.scopus.com/inward/citedby.uri?partnerID=HzOxMe3b&scp=85031934691&origin=inward",131,"2022-07-12 16:31:21","Conference Paper","10.24963/ijcai.2017/458","1045-0823","https://api.elsevier.com/content/abstract/scopus_id/85031934691",,,3280,3286,93,18.60,93,1,5,"","",""
93,"J. Duque-Lazo","Transferability of species distribution models: The case of Phytophthora cinnamomi in Southwest Spain and Southwest Australia",2016,"Ecological Modelling","","https://api.elsevier.com/content/article/eid/1-s2.0-S030438001500441X","https://www.scopus.com/inward/citedby.uri?partnerID=HzOxMe3b&scp=84943642897&origin=inward",132,"2022-07-12 16:31:21","Article","10.1016/j.ecolmodel.2015.09.019","0304-3800","https://api.elsevier.com/content/abstract/scopus_id/84943642897",320,,62,70,93,15.50,93,1,6,"","",""
93,"M. Ramoni","Robust Bayes classifiers",2001,"Artificial Intelligence","","https://api.elsevier.com/content/article/eid/1-s2.0-S0004370200000850","https://www.scopus.com/inward/citedby.uri?partnerID=HzOxMe3b&scp=0035124121&origin=inward",133,"2022-07-12 16:31:21","Article","10.1016/S0004-3702(00)00085-0","0004-3702","https://api.elsevier.com/content/abstract/scopus_id/0035124121",125,1,209,226,93,4.43,93,1,21,"","",""
92,"P. Rowe","Applications of Artificial Intelligence in Grinding",1994,"CIRP Annals - Manufacturing Technology","","https://api.elsevier.com/content/article/eid/1-s2.0-S0007850607604983","https://www.scopus.com/inward/citedby.uri?partnerID=HzOxMe3b&scp=0028735718&origin=inward",134,"2022-07-12 16:31:21","Article","10.1016/S0007-8506(07)60498-3","0007-8506","https://api.elsevier.com/content/abstract/scopus_id/0028735718",43,2,521,531,92,3.29,92,1,28,"","",""
91,"A. El-Gallad","Enhancing the particle swarm optimizer via proper parameters selection",2002,"Canadian Conference on Electrical and Computer Engineering","","","https://www.scopus.com/inward/citedby.uri?partnerID=HzOxMe3b&scp=0036065409&origin=inward",135,"2022-07-12 16:31:21","Article","10.1109/CCECE.2002.1013043","0840-7789","https://api.elsevier.com/content/abstract/scopus_id/0036065409",2,,792,797,91,4.55,91,1,20,"","",""
90,"M. Butz","Analysis and Improvement of Fitness Exploitation in XCS: Bounding Models, Tournament Selection, and Bilateral Accuracy",2003,"Evolutionary Computation","","","https://www.scopus.com/inward/citedby.uri?partnerID=HzOxMe3b&scp=0041780883&origin=inward",136,"2022-07-12 16:31:21","Article","10.1162/106365603322365298","1063-6560","https://api.elsevier.com/content/abstract/scopus_id/0041780883",11,3,239,277,90,4.74,90,1,19,"","",""
89,"Y.J. Yang","Application of artificial intelligence in gastroenterology",2019,"World Journal of Gastroenterology","","","https://www.scopus.com/inward/citedby.uri?partnerID=HzOxMe3b&scp=85064513020&origin=inward",137,"2022-07-12 16:31:21","Review","10.3748/wjg.v25.i14.1666","1007-9327","https://api.elsevier.com/content/abstract/scopus_id/85064513020",25,14,1666,1683,89,29.67,89,1,3,"","",""
89,"F. Ghesu","An artificial agent for anatomical landmark detection in medical images",2016,"Lecture Notes in Computer Science (including subseries Lecture Notes in Artificial Intelligence and Lecture Notes in Bioinformatics)","","","https://www.scopus.com/inward/citedby.uri?partnerID=HzOxMe3b&scp=84996551865&origin=inward",138,"2022-07-12 16:31:21","Conference Paper","10.1007/978-3-319-46726-9_27","0302-9743","https://api.elsevier.com/content/abstract/scopus_id/84996551865",9902,,229,237,89,14.83,89,1,6,"","",""
89,"C. Bao","On Reverse Engineering-Based Hardware Trojan Detection",2016,"IEEE Transactions on Computer-Aided Design of Integrated Circuits and Systems","","","https://www.scopus.com/inward/citedby.uri?partnerID=HzOxMe3b&scp=84961721078&origin=inward",139,"2022-07-12 16:31:21","Article","10.1109/TCAD.2015.2488495","0278-0070","https://api.elsevier.com/content/abstract/scopus_id/84961721078",35,1,49,57,89,14.83,89,1,6,"","",""
89,"J. Peters","Optimizing boundary detection via Simulated Search with applications to multi-modal heart segmentation",2010,"Medical Image Analysis","","https://api.elsevier.com/content/article/eid/1-s2.0-S1361841509001194","https://www.scopus.com/inward/citedby.uri?partnerID=HzOxMe3b&scp=70450270659&origin=inward",140,"2022-07-12 16:31:21","Article","10.1016/j.media.2009.10.004","1361-8415","https://api.elsevier.com/content/abstract/scopus_id/70450270659",14,1,70,84,89,7.42,89,1,12,"","",""
89,"S. Zhang","Identifying white-matter fiber bundles in DTI data using an automated proximity-based fiber clustering method",2008,"IEEE Transactions on Visualization and Computer Graphics","","","https://www.scopus.com/inward/citedby.uri?partnerID=HzOxMe3b&scp=47649113234&origin=inward",141,"2022-07-12 16:31:21","Article","10.1109/TVCG.2008.52","1077-2626","https://api.elsevier.com/content/abstract/scopus_id/47649113234",14,5,1044,1053,89,6.36,89,1,14,"","",""
88,"S. Han","Image segmentation based on grabcut framework integrating multiscale nonlinear structure tensor",2009,"IEEE Transactions on Image Processing","","","https://www.scopus.com/inward/citedby.uri?partnerID=HzOxMe3b&scp=70349462496&origin=inward",142,"2022-07-12 16:31:21","Article","10.1109/TIP.2009.2025560","1057-7149","https://api.elsevier.com/content/abstract/scopus_id/70349462496",18,10,2289,2302,88,6.77,88,1,13,"","",""
87,"S. Doyle","A boosting cascade for automated detection of prostate cancer from digitized histology",2006,"Lecture Notes in Computer Science (including subseries Lecture Notes in Artificial Intelligence and Lecture Notes in Bioinformatics)","","","https://www.scopus.com/inward/citedby.uri?partnerID=HzOxMe3b&scp=71749111270&origin=inward",143,"2022-07-12 16:31:21","Conference Paper","10.1007/11866763_62","0302-9743","https://api.elsevier.com/content/abstract/scopus_id/71749111270",4191,,504,511,87,5.44,87,1,16,"","",""
87,"M.S. Hassouna","Variational curve skeletons using gradient vector flow",2009,"IEEE Transactions on Pattern Analysis and Machine Intelligence","","","https://www.scopus.com/inward/citedby.uri?partnerID=HzOxMe3b&scp=70350618467&origin=inward",144,"2022-07-12 16:31:21","Conference Paper","10.1109/TPAMI.2008.271","0162-8828","https://api.elsevier.com/content/abstract/scopus_id/70350618467",31,12,2257,2274,87,6.69,87,1,13,"","",""
86,"R.C. Deo","Multi-layer perceptron hybrid model integrated with the firefly optimizer algorithm for windspeed prediction of target site using a limited set of neighboring reference station data",2018,"Renewable Energy","","https://api.elsevier.com/content/article/eid/1-s2.0-S0960148117309485","https://www.scopus.com/inward/citedby.uri?partnerID=HzOxMe3b&scp=85030656566&origin=inward",145,"2022-07-12 16:31:21","Article","10.1016/j.renene.2017.09.078","0960-1481","https://api.elsevier.com/content/abstract/scopus_id/85030656566",116,,309,323,86,21.50,86,1,4,"","",""
85,"D. Tran","Video event detection: From subvolume localization to spatiotemporal path search",2014,"IEEE Transactions on Pattern Analysis and Machine Intelligence","","","https://www.scopus.com/inward/citedby.uri?partnerID=HzOxMe3b&scp=84891607575&origin=inward",146,"2022-07-12 16:31:21","Article","10.1109/TPAMI.2013.137","0162-8828","https://api.elsevier.com/content/abstract/scopus_id/84891607575",36,2,404,416,85,10.63,85,1,8,"","",""
85,"M. Song","Image ratio features for facial expression recognition application",2010,"IEEE Transactions on Systems, Man, and Cybernetics, Part B: Cybernetics","","","https://www.scopus.com/inward/citedby.uri?partnerID=HzOxMe3b&scp=77952581437&origin=inward",147,"2022-07-12 16:31:21","Article","10.1109/TSMCB.2009.2029076","1083-4419","https://api.elsevier.com/content/abstract/scopus_id/77952581437",40,3,779,788,85,7.08,85,1,12,"","",""
84,"H.P. Chan","Deep Learning in Medical Image Analysis",2020,"Advances in Experimental Medicine and Biology","","","https://www.scopus.com/inward/citedby.uri?partnerID=HzOxMe3b&scp=85079081079&origin=inward",148,"2022-07-12 16:31:21","Book Chapter","10.1007/978-3-030-33128-3_1","0065-2598","https://api.elsevier.com/content/abstract/scopus_id/85079081079",1213,,3,21,84,42.00,84,1,2,"","",""
83,"A. Onan","Classifier and feature set ensembles for web page classification",2016,"Journal of Information Science","","","https://www.scopus.com/inward/citedby.uri?partnerID=HzOxMe3b&scp=84959361743&origin=inward",149,"2022-07-12 16:31:21","Article","10.1177/0165551515591724","0165-5515","https://api.elsevier.com/content/abstract/scopus_id/84959361743",42,2,150,165,83,13.83,83,1,6,"","",""
83,"K. Park","Robust predictive model for evaluating breast cancer survivability",2013,"Engineering Applications of Artificial Intelligence","","https://api.elsevier.com/content/article/eid/1-s2.0-S0952197613001140","https://www.scopus.com/inward/citedby.uri?partnerID=HzOxMe3b&scp=84888389162&origin=inward",150,"2022-07-12 16:31:21","Article","10.1016/j.engappai.2013.06.013","0952-1976","https://api.elsevier.com/content/abstract/scopus_id/84888389162",26,9,2194,2205,83,9.22,83,1,9,"","",""
83,"Q. Ke","Quasiconvex optimization for robust geometric reconstruction",2007,"IEEE Transactions on Pattern Analysis and Machine Intelligence","","","https://www.scopus.com/inward/citedby.uri?partnerID=HzOxMe3b&scp=36049028112&origin=inward",151,"2022-07-12 16:31:21","Article","10.1109/TPAMI.2007.1083","0162-8828","https://api.elsevier.com/content/abstract/scopus_id/36049028112",29,10,1834,1847,83,5.53,83,1,15,"","",""
83,"T. Rohlfing","Shape-based averaging",2007,"IEEE Transactions on Image Processing","","","https://www.scopus.com/inward/citedby.uri?partnerID=HzOxMe3b&scp=33847705739&origin=inward",152,"2022-07-12 16:31:21","Article","10.1109/TIP.2006.884936","1057-7149","https://api.elsevier.com/content/abstract/scopus_id/33847705739",16,1,153,161,83,5.53,83,1,15,"","",""
81,"G. Hautvast","Automatic contour propagation in cine cardiac magnetic resonance images",2006,"IEEE Transactions on Medical Imaging","","","https://www.scopus.com/inward/citedby.uri?partnerID=HzOxMe3b&scp=33750814042&origin=inward",153,"2022-07-12 16:31:21","Article","10.1109/TMI.2006.882124","0278-0062","https://api.elsevier.com/content/abstract/scopus_id/33750814042",25,11,1472,1482,81,5.06,81,1,16,"","",""
80,"N. Amruthnath","A research study on unsupervised machine learning algorithms for early fault detection in predictive maintenance",2018,"2018 5th International Conference on Industrial Engineering and Applications, ICIEA 2018","","","https://www.scopus.com/inward/citedby.uri?partnerID=HzOxMe3b&scp=85048370084&origin=inward",154,"2022-07-12 16:31:21","Conference Paper","10.1109/IEA.2018.8387124","","https://api.elsevier.com/content/abstract/scopus_id/85048370084",,,355,361,80,20.00,80,1,4,"","",""
80,"M. Dyrba","Robust Automated Detection of Microstructural White Matter Degeneration in Alzheimer's Disease Using Machine Learning Classification of Multicenter DTI Data",2013,"PLoS ONE","","","https://www.scopus.com/inward/citedby.uri?partnerID=HzOxMe3b&scp=84878582129&origin=inward",155,"2022-07-12 16:31:21","Article","10.1371/journal.pone.0064925","1932-6203","https://api.elsevier.com/content/abstract/scopus_id/84878582129",8,5,,,80,8.89,80,1,9,"","",""
80,"Y. Fan","Classification of structural images via high-dimensional image warping, robust feature extraction, and SVM.",2005,"Medical image computing and computer-assisted intervention : MICCAI ... International Conference on Medical Image Computing and Computer-Assisted Intervention","","","https://www.scopus.com/inward/citedby.uri?partnerID=HzOxMe3b&scp=79960624860&origin=inward",156,"2022-07-12 16:31:21","Article","","","https://api.elsevier.com/content/abstract/scopus_id/79960624860",8,,1,8,80,4.71,80,1,17,"","",""
79,"M. Wang","Remote sensing image classification based on the optimal support vector machine and modified binary coded ant colony optimization algorithm",2017,"Information Sciences","","https://api.elsevier.com/content/article/eid/1-s2.0-S0020025517306199","https://www.scopus.com/inward/citedby.uri?partnerID=HzOxMe3b&scp=85016408940&origin=inward",157,"2022-07-12 16:31:21","Article","10.1016/j.ins.2017.03.027","0020-0255","https://api.elsevier.com/content/abstract/scopus_id/85016408940",402,,50,68,79,15.80,79,1,5,"","",""
79,"I. Gadaras","An interpretable fuzzy rule-based classification methodology for medical diagnosis",2009,"Artificial Intelligence in Medicine","","https://api.elsevier.com/content/article/eid/1-s2.0-S0933365709000815","https://www.scopus.com/inward/citedby.uri?partnerID=HzOxMe3b&scp=68249108418&origin=inward",158,"2022-07-12 16:31:21","Article","10.1016/j.artmed.2009.05.003","0933-3657","https://api.elsevier.com/content/abstract/scopus_id/68249108418",47,1,25,41,79,6.08,79,1,13,"","",""
77,"L. Xia","Technological Exploration of RRAM Crossbar Array for Matrix-Vector Multiplication",2016,"Journal of Computer Science and Technology","","","https://www.scopus.com/inward/citedby.uri?partnerID=HzOxMe3b&scp=84953426381&origin=inward",159,"2022-07-12 16:31:21","Article","10.1007/s11390-016-1608-8","1000-9000","https://api.elsevier.com/content/abstract/scopus_id/84953426381",31,1,3,19,77,12.83,77,1,6,"","",""
77,"T. Van Nguyen","Machine Learning for Wideband Localization",2015,"IEEE Journal on Selected Areas in Communications","","","https://www.scopus.com/inward/citedby.uri?partnerID=HzOxMe3b&scp=84933555955&origin=inward",160,"2022-07-12 16:31:21","Article","10.1109/JSAC.2015.2430191","0733-8716","https://api.elsevier.com/content/abstract/scopus_id/84933555955",33,7,1357,1380,77,11.00,77,1,7,"","",""
77,"E. Liu","A coarse to fine minutiae-based latent palmprint matching",2013,"IEEE Transactions on Pattern Analysis and Machine Intelligence","","","https://www.scopus.com/inward/citedby.uri?partnerID=HzOxMe3b&scp=84883173650&origin=inward",161,"2022-07-12 16:31:21","Article","10.1109/TPAMI.2013.39","0162-8828","https://api.elsevier.com/content/abstract/scopus_id/84883173650",35,10,2307,2322,77,8.56,77,1,9,"","",""
77,"I.F. Martins","A Bayesian approach to in Silico blood-brain barrier penetration modeling",2012,"Journal of Chemical Information and Modeling","","","https://www.scopus.com/inward/citedby.uri?partnerID=HzOxMe3b&scp=84862890235&origin=inward",162,"2022-07-12 16:31:21","Article","10.1021/ci300124c","1549-9596","https://api.elsevier.com/content/abstract/scopus_id/84862890235",52,6,1686,1697,77,7.70,77,1,10,"","",""
77,"L. Xu","Large-scale integration of cancer microarray data identifies a robust common cancer signature",2007,"BMC Bioinformatics","","","https://www.scopus.com/inward/citedby.uri?partnerID=HzOxMe3b&scp=34548127285&origin=inward",163,"2022-07-12 16:31:21","Article","10.1186/1471-2105-8-275","1471-2105","https://api.elsevier.com/content/abstract/scopus_id/34548127285",8,,,,77,5.13,77,1,15,"","",""
77,"B. Georgescu","Point matching under large image deformations and illumination changes",2004,"IEEE Transactions on Pattern Analysis and Machine Intelligence","","","https://www.scopus.com/inward/citedby.uri?partnerID=HzOxMe3b&scp=3042580897&origin=inward",164,"2022-07-12 16:31:21","Article","10.1109/TPAMI.2004.2","0162-8828","https://api.elsevier.com/content/abstract/scopus_id/3042580897",26,6,674,688,77,4.28,77,1,18,"","",""
76,"M.A. Muñoz","Exploratory landscape analysis of continuous space optimization problems using information content",2015,"IEEE Transactions on Evolutionary Computation","","","https://www.scopus.com/inward/citedby.uri?partnerID=HzOxMe3b&scp=84922361680&origin=inward",165,"2022-07-12 16:31:21","Article","10.1109/TEVC.2014.2302006","1089-778X","https://api.elsevier.com/content/abstract/scopus_id/84922361680",19,1,74,87,76,10.86,76,1,7,"","",""
76,"Y. Chen","Nonnegative local coordinate factorization for image representation",2013,"IEEE Transactions on Image Processing","","","https://www.scopus.com/inward/citedby.uri?partnerID=HzOxMe3b&scp=84873311588&origin=inward",166,"2022-07-12 16:31:21","Article","10.1109/TIP.2012.2224357","1057-7149","https://api.elsevier.com/content/abstract/scopus_id/84873311588",22,3,969,979,76,8.44,76,1,9,"","",""
76,"N. Jiang","Learning adaptive metric for robust visual tracking",2011,"IEEE Transactions on Image Processing","","","https://www.scopus.com/inward/citedby.uri?partnerID=HzOxMe3b&scp=79960532056&origin=inward",167,"2022-07-12 16:31:21","Article","10.1109/TIP.2011.2114895","1057-7149","https://api.elsevier.com/content/abstract/scopus_id/79960532056",20,8,2288,2300,76,6.91,76,1,11,"","",""
76,"T. Helmy","Hybrid computational models for the characterization of oil and gas reservoirs",2010,"Expert Systems with Applications","","https://api.elsevier.com/content/article/eid/1-s2.0-S0957417410000230","https://www.scopus.com/inward/citedby.uri?partnerID=HzOxMe3b&scp=77950300963&origin=inward",168,"2022-07-12 16:31:21","Article","10.1016/j.eswa.2010.01.021","0957-4174","https://api.elsevier.com/content/abstract/scopus_id/77950300963",37,7,5353,5363,76,6.33,76,1,12,"","",""
76,"P. Schneider","Distance Learning in Discriminative Vector Quantization",2009,"Neural Computation","","","https://www.scopus.com/inward/citedby.uri?partnerID=HzOxMe3b&scp=70449713460&origin=inward",169,"2022-07-12 16:31:21","Letter","10.1162/neco.2009.10-08-892","0899-7667","https://api.elsevier.com/content/abstract/scopus_id/70449713460",21,10,2942,2969,76,5.85,76,1,13,"","",""
75,"M. Schreuder","Optimizing event-related potential based brain-computer interfaces: A systematic evaluation of dynamic stopping methods",2013,"Journal of Neural Engineering","","","https://www.scopus.com/inward/citedby.uri?partnerID=HzOxMe3b&scp=84878300244&origin=inward",170,"2022-07-12 16:31:21","Article","10.1088/1741-2560/10/3/036025","1741-2560","https://api.elsevier.com/content/abstract/scopus_id/84878300244",10,3,,,75,8.33,75,1,9,"","",""
75,"X. Tang","Fluoroscopic tracking of multiple implanted fiducial markers using multiple object tracking",2007,"Physics in Medicine and Biology","","","https://www.scopus.com/inward/citedby.uri?partnerID=HzOxMe3b&scp=34547275812&origin=inward",171,"2022-07-12 16:31:21","Article","10.1088/0031-9155/52/14/005","0031-9155","https://api.elsevier.com/content/abstract/scopus_id/34547275812",52,14,4081,4098,75,5.00,75,1,15,"","",""
74,"M. Rashid","A sustainable deep learning framework for object recognition using multi-layers deep features fusion and selection",2020,"Sustainability (Switzerland)","","","https://www.scopus.com/inward/citedby.uri?partnerID=HzOxMe3b&scp=85087015944&origin=inward",172,"2022-07-12 16:31:21","Article","10.3390/su12125037","2071-1050","https://api.elsevier.com/content/abstract/scopus_id/85087015944",12,12,,,74,37.00,74,1,2,"","",""
74,"J. Devlin","RobustFill: Neural program learning under Noisy I/O",2017,"34th International Conference on Machine Learning, ICML 2017","","","https://www.scopus.com/inward/citedby.uri?partnerID=HzOxMe3b&scp=85048399382&origin=inward",173,"2022-07-12 16:31:21","Conference Paper","","","https://api.elsevier.com/content/abstract/scopus_id/85048399382",3,,1641,1658,74,14.80,74,1,5,"","",""
74,"M. Hardt","Strategic classification",2016,"ITCS 2016 - Proceedings of the 2016 ACM Conference on Innovations in Theoretical Computer Science","","","https://www.scopus.com/inward/citedby.uri?partnerID=HzOxMe3b&scp=84966680053&origin=inward",174,"2022-07-12 16:31:21","Conference Paper","10.1145/2840728.2840730","","https://api.elsevier.com/content/abstract/scopus_id/84966680053",,,111,122,74,12.33,74,1,6,"","",""
74,"L. Yu","A compressed sensing based AI learning paradigm for crude oil price forecasting",2014,"Energy Economics","","https://api.elsevier.com/content/article/eid/1-s2.0-S0140988314002394","https://www.scopus.com/inward/citedby.uri?partnerID=HzOxMe3b&scp=84908020500&origin=inward",175,"2022-07-12 16:31:21","Article","10.1016/j.eneco.2014.09.019","0140-9883","https://api.elsevier.com/content/abstract/scopus_id/84908020500",46,,236,245,74,9.25,74,1,8,"","",""
73,"Z. Wang","Contrastive Cross-Site Learning with Redesigned Net for COVID-19 CT Classification",2020,"IEEE Journal of Biomedical and Health Informatics","","","https://www.scopus.com/inward/citedby.uri?partnerID=HzOxMe3b&scp=85092749906&origin=inward",176,"2022-07-12 16:31:21","Article","10.1109/JBHI.2020.3023246","2168-2194","https://api.elsevier.com/content/abstract/scopus_id/85092749906",24,10,2806,2813,73,36.50,73,1,2,"","",""
73,"E.H.B. Maia","Structure-Based Virtual Screening: From Classical to Artificial Intelligence",2020,"Frontiers in Chemistry","","","https://www.scopus.com/inward/citedby.uri?partnerID=HzOxMe3b&scp=85084548811&origin=inward",177,"2022-07-12 16:31:21","Review","10.3389/fchem.2020.00343","2296-2646","https://api.elsevier.com/content/abstract/scopus_id/85084548811",8,,,,73,36.50,73,1,2,"","",""
73,"Y. Tsai","Mapping vegetation and land use types in Fanjingshan National Nature Reserve using google earth engine",2018,"Remote Sensing","","","https://www.scopus.com/inward/citedby.uri?partnerID=HzOxMe3b&scp=85048961694&origin=inward",178,"2022-07-12 16:31:21","Article","10.3390/rs10060927","2072-4292","https://api.elsevier.com/content/abstract/scopus_id/85048961694",10,6,,,73,18.25,73,1,4,"","",""
73,"X. Lan","Robust joint discriminative feature learning for visual tracking",2016,"IJCAI International Joint Conference on Artificial Intelligence","","","https://www.scopus.com/inward/citedby.uri?partnerID=HzOxMe3b&scp=85006160220&origin=inward",179,"2022-07-12 16:31:21","Conference Paper","","1045-0823","https://api.elsevier.com/content/abstract/scopus_id/85006160220",2016,,3403,3410,73,12.17,73,1,6,"","",""
73,"J. Xu","Automated optic disk boundary detection by modified active contour model",2007,"IEEE Transactions on Biomedical Engineering","","","https://www.scopus.com/inward/citedby.uri?partnerID=HzOxMe3b&scp=33847723421&origin=inward",180,"2022-07-12 16:31:21","Article","10.1109/TBME.2006.888831","0018-9294","https://api.elsevier.com/content/abstract/scopus_id/33847723421",54,3,473,482,73,4.87,73,1,15,"","",""
72,"Q.T. Bui","Verification of novel integrations of swarm intelligence algorithms into deep learning neural network for flood susceptibility mapping",2020,"Journal of Hydrology","","https://api.elsevier.com/content/article/eid/1-s2.0-S002216941931114X","https://www.scopus.com/inward/citedby.uri?partnerID=HzOxMe3b&scp=85075747618&origin=inward",181,"2022-07-12 16:31:21","Article","10.1016/j.jhydrol.2019.124379","0022-1694","https://api.elsevier.com/content/abstract/scopus_id/85075747618",581,,,,72,36.00,72,1,2,"","",""
72,"P. Guo","Gene expression profile based classification models of psoriasis",2014,"Genomics","","https://api.elsevier.com/content/article/eid/1-s2.0-S0888754313002048","https://www.scopus.com/inward/citedby.uri?partnerID=HzOxMe3b&scp=84895885338&origin=inward",182,"2022-07-12 16:31:21","Article","10.1016/j.ygeno.2013.11.001","0888-7543","https://api.elsevier.com/content/abstract/scopus_id/84895885338",103,1,48,55,72,9.00,72,1,8,"","",""
72,"A. Tosun","Graph run-length matrices for histopathological image segmentation",2011,"IEEE Transactions on Medical Imaging","","","https://www.scopus.com/inward/citedby.uri?partnerID=HzOxMe3b&scp=79952174587&origin=inward",183,"2022-07-12 16:31:21","Article","10.1109/TMI.2010.2094200","0278-0062","https://api.elsevier.com/content/abstract/scopus_id/79952174587",30,3,721,732,72,6.55,72,1,11,"","",""
72,"I. Barman","Development of robust calibration models using support vector machines for spectroscopic monitoring of blood glucose",2010,"Analytical Chemistry","","","https://www.scopus.com/inward/citedby.uri?partnerID=HzOxMe3b&scp=78649708839&origin=inward",184,"2022-07-12 16:31:21","Article","10.1021/ac101754n","0003-2700","https://api.elsevier.com/content/abstract/scopus_id/78649708839",82,23,9719,9726,72,6.00,72,1,12,"","",""
72,"L.I. Kuncheva","Classifier ensembles for fMRI data analysis: an experiment",2010,"Magnetic Resonance Imaging","","https://api.elsevier.com/content/article/eid/1-s2.0-S0730725X09003130","https://www.scopus.com/inward/citedby.uri?partnerID=HzOxMe3b&scp=77952293118&origin=inward",185,"2022-07-12 16:31:21","Article","10.1016/j.mri.2009.12.021","0730-725X","https://api.elsevier.com/content/abstract/scopus_id/77952293118",28,4,583,593,72,6.00,72,1,12,"","",""
71,"Y. Zhang","A machine learning framework for assessing post-earthquake structural safety",2018,"Structural Safety","","https://api.elsevier.com/content/article/eid/1-s2.0-S0167473017300851","https://www.scopus.com/inward/citedby.uri?partnerID=HzOxMe3b&scp=85037987631&origin=inward",186,"2022-07-12 16:31:21","Article","10.1016/j.strusafe.2017.12.001","0167-4730","https://api.elsevier.com/content/abstract/scopus_id/85037987631",72,,1,16,71,17.75,71,1,4,"","",""
71,"S. Salcedo-Sanz","Prediction of daily global solar irradiation using temporal Gaussian processes",2014,"IEEE Geoscience and Remote Sensing Letters","","","https://www.scopus.com/inward/citedby.uri?partnerID=HzOxMe3b&scp=84901819940&origin=inward",187,"2022-07-12 16:31:21","Article","10.1109/LGRS.2014.2314315","1545-598X","https://api.elsevier.com/content/abstract/scopus_id/84901819940",11,11,1936,1940,71,8.88,71,1,8,"","",""
70,"E. Fujita","Basic investigation on a robust and practical plant diagnostic system",2017,"Proceedings - 2016 15th IEEE International Conference on Machine Learning and Applications, ICMLA 2016","","","https://www.scopus.com/inward/citedby.uri?partnerID=HzOxMe3b&scp=85015385691&origin=inward",188,"2022-07-12 16:31:21","Conference Paper","10.1109/ICMLA.2016.56","","https://api.elsevier.com/content/abstract/scopus_id/85015385691",,,989,992,70,14.00,70,1,5,"","",""
70,"B. Mager","Fingerprint-based device-free localization performance in changing environments",2015,"IEEE Journal on Selected Areas in Communications","","","https://www.scopus.com/inward/citedby.uri?partnerID=HzOxMe3b&scp=84945131856&origin=inward",189,"2022-07-12 16:31:21","Article","10.1109/JSAC.2015.2430515","0733-8716","https://api.elsevier.com/content/abstract/scopus_id/84945131856",33,11,2429,2438,70,10.00,70,1,7,"","",""
70,"G. Omer","Performance of Support Vector Machines and Artificial Neural Network for Mapping Endangered Tree Species Using WorldView-2 Data in Dukuduku Forest, South Africa",2015,"IEEE Journal of Selected Topics in Applied Earth Observations and Remote Sensing","","","https://www.scopus.com/inward/citedby.uri?partnerID=HzOxMe3b&scp=84939624431&origin=inward",190,"2022-07-12 16:31:21","Article","10.1109/JSTARS.2015.2461136","1939-1404","https://api.elsevier.com/content/abstract/scopus_id/84939624431",8,10,4825,4840,70,10.00,70,1,7,"","",""
70,"B. Thumati","A model-based fault-detection and prediction scheme for nonlinear multivariable discrete-time systems with asymptotic stability guarantees",2010,"IEEE Transactions on Neural Networks","","","https://www.scopus.com/inward/citedby.uri?partnerID=HzOxMe3b&scp=77649273670&origin=inward",191,"2022-07-12 16:31:21","Article","10.1109/TNN.2009.2037498","1045-9227","https://api.elsevier.com/content/abstract/scopus_id/77649273670",21,3,404,423,70,5.83,70,1,12,"","",""
70,"N. Ahmed","Dense correspondence finding for parametrization-free animation reconstruction from video",2008,"26th IEEE Conference on Computer Vision and Pattern Recognition, CVPR","","","https://www.scopus.com/inward/citedby.uri?partnerID=HzOxMe3b&scp=51949098565&origin=inward",192,"2022-07-12 16:31:21","Conference Paper","10.1109/CVPR.2008.4587758","","https://api.elsevier.com/content/abstract/scopus_id/51949098565",,,,,70,5.00,70,1,14,"","",""
69,"J. Tang","Surface extraction and thickness measurement of the articular cartilage from MR images using directional gradient vector flow snakes",2006,"IEEE Transactions on Biomedical Engineering","","","https://www.scopus.com/inward/citedby.uri?partnerID=HzOxMe3b&scp=33646344735&origin=inward",193,"2022-07-12 16:31:21","Article","10.1109/TBME.2006.872816","0018-9294","https://api.elsevier.com/content/abstract/scopus_id/33646344735",53,5,896,907,69,4.31,69,1,16,"","",""
68,"N. Wei","Conventional models and artificial intelligence-based models for energy consumption forecasting: A review",2019,"Journal of Petroleum Science and Engineering","","https://api.elsevier.com/content/article/eid/1-s2.0-S092041051930600X","https://www.scopus.com/inward/citedby.uri?partnerID=HzOxMe3b&scp=85067841352&origin=inward",194,"2022-07-12 16:31:21","Article","10.1016/j.petrol.2019.106187","0920-4105","https://api.elsevier.com/content/abstract/scopus_id/85067841352",181,,,,68,22.67,68,1,3,"","",""
68,"H. Pan","Time-Frequency-Based Data-Driven Structural Diagnosis and Damage Detection for Cable-Stayed Bridges",2018,"Journal of Bridge Engineering","","","https://www.scopus.com/inward/citedby.uri?partnerID=HzOxMe3b&scp=85045197110&origin=inward",195,"2022-07-12 16:31:21","Article","10.1061/(ASCE)BE.1943-5592.0001199","1084-0702","https://api.elsevier.com/content/abstract/scopus_id/85045197110",23,6,,,68,17.00,68,1,4,"","",""
68,"X. Cao","Mitigating evasion attacks to deep neural networks via region-based classification",2017,"ACM International Conference Proceeding Series","","","https://www.scopus.com/inward/citedby.uri?partnerID=HzOxMe3b&scp=85038885675&origin=inward",196,"2022-07-12 16:31:21","Conference Paper","10.1145/3134600.3134606","","https://api.elsevier.com/content/abstract/scopus_id/85038885675",,,278,287,68,13.60,68,1,5,"","",""
68,"X. Luo","Regression and classification using extreme learning machine based on L<inf>1</inf>-norm and L<inf>2</inf>-norm",2016,"Neurocomputing","","https://api.elsevier.com/content/article/eid/1-s2.0-S092523121501139X","https://www.scopus.com/inward/citedby.uri?partnerID=HzOxMe3b&scp=84940063453&origin=inward",197,"2022-07-12 16:31:21","Article","10.1016/j.neucom.2015.03.112","0925-2312","https://api.elsevier.com/content/abstract/scopus_id/84940063453",174,,179,186,68,11.33,68,1,6,"","",""
68,"F. Xing","Automatic Ki-67 counting using robust cell detection and online dictionary learning",2014,"IEEE Transactions on Biomedical Engineering","","","https://www.scopus.com/inward/citedby.uri?partnerID=HzOxMe3b&scp=84896840603&origin=inward",198,"2022-07-12 16:31:21","Article","10.1109/TBME.2013.2291703","0018-9294","https://api.elsevier.com/content/abstract/scopus_id/84896840603",61,3,859,870,68,8.50,68,1,8,"","",""
68,"A. Boers","Automated cerebral infarct volume measurement in follow-up noncontrast CT scans of patients with acute ischemic stroke",2013,"American Journal of Neuroradiology","","","https://www.scopus.com/inward/citedby.uri?partnerID=HzOxMe3b&scp=84883075581&origin=inward",199,"2022-07-12 16:31:21","Article","10.3174/ajnr.A3463","0195-6108","https://api.elsevier.com/content/abstract/scopus_id/84883075581",34,8,1522,1527,68,7.56,68,1,9,"","",""
68,"P. Rahmati","Mammography segmentation with maximum likelihood active contours",2012,"Medical Image Analysis","","https://api.elsevier.com/content/article/eid/1-s2.0-S1361841512000606","https://www.scopus.com/inward/citedby.uri?partnerID=HzOxMe3b&scp=84866081542&origin=inward",200,"2022-07-12 16:31:21","Article","10.1016/j.media.2012.05.005","1361-8415","https://api.elsevier.com/content/abstract/scopus_id/84866081542",16,6,1167,1186,68,6.80,68,1,10,"","",""
